(0.0, 32.0)
(0.04, 32.0)
(0.08, 32.0)
(0.12, 32.0)
(0.16, 32.0)
(0.2, 32.0)
(0.24, 32.0)
(0.28, 32.0)
(0.32, 32.0)
(0.36, 32.0)
(0.4, 32.0)
(0.44, 32.0)
(0.48, 32.0)
(0.52, 32.0)
(0.56, 32.0)
(0.6, 32.0)
(0.64, 32.0)
(0.68, 32.0)
(0.72, 32.0)
(0.76, 32.0)
(0.8, 32.0)
(0.84, 32.0)
(0.88, 32.0)
(0.92, 32.0)
(0.96, 32.0)
(1, 32)
(1.0, 32.0)
(1.04, 32.0)
(1.08, 32.0)
(1.12, 32.0)
(1.16, 32.0)
(1.2000000000000002, 32.0)
(1.24, 32.0)
(1.28, 32.0)
(1.3199999999999998, 32.0)
(1.3599999999999999, 32.0)
(1.4, 32.0)
(1.44, 32.0)
(1.48, 32.0)
(1.52, 32.0)
(1.56, 32.0)
(1.6, 32.0)
(1.6400000000000001, 32.0)
(1.6800000000000002, 32.0)
(1.72, 32.0)
(1.76, 32.0)
(1.8, 32.0)
(1.8399999999999999, 32.0)
(1.88, 32.0)
(1.92, 32.0)
(1.96, 32.0)
(2, 32)
(2.0, 32.0)
(2.04, 32.0)
(2.08, 32.0)
(2.12, 32.0)
(2.16, 32.0)
(2.2, 32.0)
(2.24, 32.0)
(2.2800000000000002, 32.0)
(2.32, 32.0)
(2.3600000000000003, 32.0)
(2.4000000000000004, 32.0)
(2.4400000000000004, 32.0)
(2.48, 32.0)
(2.52, 32.0)
(2.56, 32.0)
(2.5999999999999996, 32.0)
(2.6399999999999997, 32.0)
(2.6799999999999997, 32.0)
(2.72, 32.0)
(2.7600000000000002, 32.0)
(2.8000000000000003, 32.0)
(2.84, 32.0)
(2.88, 32.0)
(2.92, 32.0)
(2.96, 32.0)
(3, 32)
(3.0, 32.0)
(3.04, 31.959999999999997)
(3.08, 31.92)
(3.12, 31.88)
(3.16, 31.84)
(3.2, 31.8)
(3.24, 31.759999999999998)
(3.2800000000000002, 31.72)
(3.3200000000000003, 31.68)
(3.36, 31.64)
(3.4, 31.6)
(3.4400000000000004, 31.560000000000002)
(3.48, 31.52)
(3.52, 31.48)
(3.56, 31.44)
(3.6, 31.4)
(3.64, 31.36)
(3.68, 31.32)
(3.7199999999999998, 31.28)
(3.76, 31.24)
(3.8, 31.2)
(3.84, 31.16)
(3.88, 31.12)
(3.92, 31.08)
(3.96, 31.04)
(4, 31)
(4.0, 31.0)
(4.04, 30.959999999999997)
(4.08, 30.919999999999998)
(4.12, 30.880000000000003)
(4.16, 30.84)
(4.2, 30.8)
(4.24, 30.759999999999998)
(4.28, 30.72)
(4.32, 30.68)
(4.359999999999999, 30.64)
(4.4, 30.599999999999998)
(4.44, 30.560000000000002)
(4.48, 30.52)
(4.52, 30.48)
(4.5600000000000005, 30.439999999999998)
(4.6, 30.4)
(4.640000000000001, 30.36)
(4.68, 30.32)
(4.72, 30.28)
(4.76, 30.240000000000002)
(4.8, 30.2)
(4.84, 30.16)
(4.880000000000001, 30.119999999999997)
(4.92, 30.08)
(4.96, 30.04)
(5, 30)
(5.0, 30.0)
(5.0, 29.959999999999997)
(5.000000000000001, 29.92)
(5.0, 29.88)
(5.0, 29.84)
(5.0, 29.8)
(5.0, 29.76)
(5.0, 29.72)
(5.0, 29.68)
(5.0, 29.64)
(5.0, 29.6)
(5.0, 29.560000000000002)
(5.0, 29.520000000000003)
(5.0, 29.479999999999997)
(5.0, 29.44)
(5.0, 29.4)
(5.0, 29.36)
(5.0, 29.32)
(5.0, 29.28)
(5.0, 29.24)
(5.0, 29.200000000000003)
(5.0, 29.16)
(5.0, 29.119999999999997)
(5.0, 29.08)
(5.0, 29.04)
(5, 29)
(5.0, 29.0)
(5.0, 28.96)
(5.000000000000001, 28.92)
(5.0, 28.88)
(5.0, 28.84)
(5.0, 28.800000000000004)
(5.0, 28.759999999999998)
(5.0, 28.72)
(5.0, 28.68)
(5.0, 28.64)
(5.0, 28.6)
(5.0, 28.560000000000002)
(5.0, 28.52)
(5.0, 28.48)
(5.0, 28.439999999999998)
(5.0, 28.400000000000002)
(5.0, 28.36)
(5.0, 28.32)
(5.0, 28.28)
(5.0, 28.240000000000002)
(5.0, 28.200000000000003)
(5.0, 28.16)
(5.0, 28.12)
(5.0, 28.080000000000002)
(5.0, 28.04)
(5, 28)
(5.0, 28.0)
(5.0, 27.96)
(5.000000000000001, 27.92)
(5.0, 27.88)
(5.0, 27.84)
(5.0, 27.800000000000004)
(5.0, 27.76)
(5.0, 27.72)
(5.0, 27.68)
(5.0, 27.64)
(5.0, 27.6)
(5.0, 27.560000000000002)
(5.0, 27.52)
(5.0, 27.48)
(5.0, 27.439999999999998)
(5.0, 27.4)
(5.0, 27.36)
(5.0, 27.32)
(5.0, 27.279999999999998)
(5.0, 27.24)
(5.0, 27.2)
(5.0, 27.16)
(5.0, 27.12)
(5.0, 27.08)
(5.0, 27.04)
(5, 27)
(5.0, 27.0)
(5.0, 26.959999999999997)
(5.000000000000001, 26.92)
(5.0, 26.880000000000003)
(5.0, 26.84)
(5.0, 26.8)
(5.0, 26.759999999999998)
(5.0, 26.72)
(5.0, 26.68)
(5.0, 26.64)
(5.0, 26.6)
(5.0, 26.560000000000002)
(5.0, 26.520000000000003)
(5.0, 26.479999999999997)
(5.0, 26.44)
(5.0, 26.4)
(5.0, 26.36)
(5.0, 26.32)
(5.0, 26.28)
(5.0, 26.240000000000002)
(5.0, 26.2)
(5.0, 26.16)
(5.0, 26.119999999999997)
(5.0, 26.080000000000002)
(5.0, 26.040000000000003)
(5, 26)
(5.0, 26.0)
(4.96, 25.96)
(4.920000000000001, 25.92)
(4.880000000000001, 25.88)
(4.84, 25.84)
(4.8, 25.8)
(4.76, 25.76)
(4.72, 25.72)
(4.68, 25.68)
(4.640000000000001, 25.64)
(4.6, 25.6)
(4.5600000000000005, 25.560000000000002)
(4.52, 25.52)
(4.48, 25.48)
(4.4399999999999995, 25.439999999999998)
(4.4, 25.4)
(4.359999999999999, 25.36)
(4.32, 25.32)
(4.28, 25.28)
(4.24, 25.240000000000002)
(4.2, 25.2)
(4.16, 25.16)
(4.12, 25.12)
(4.08, 25.08)
(4.04, 25.04)
(4, 25)
(4.0, 25.0)
(4.0, 24.96)
(4.0, 24.92)
(4.0, 24.88)
(4.0, 24.84)
(4.0, 24.8)
(4.0, 24.759999999999998)
(4.0, 24.72)
(4.0, 24.68)
(4.0, 24.64)
(4.0, 24.6)
(4.0, 24.560000000000002)
(4.0, 24.52)
(4.0, 24.48)
(4.0, 24.439999999999998)
(4.0, 24.4)
(4.0, 24.36)
(4.0, 24.32)
(4.0, 24.28)
(4.0, 24.240000000000002)
(4.0, 24.200000000000003)
(4.0, 24.16)
(4.0, 24.12)
(4.0, 24.080000000000002)
(4.0, 24.04)
(4, 24)
(4.0, 24.0)
(4.0, 23.96)
(4.0, 23.92)
(4.0, 23.880000000000003)
(4.0, 23.84)
(4.0, 23.800000000000004)
(4.0, 23.76)
(4.0, 23.720000000000002)
(4.0, 23.68)
(4.0, 23.64)
(4.0, 23.6)
(4.0, 23.560000000000002)
(4.0, 23.52)
(4.0, 23.48)
(4.0, 23.439999999999998)
(4.0, 23.4)
(4.0, 23.36)
(4.0, 23.32)
(4.0, 23.28)
(4.0, 23.240000000000002)
(4.0, 23.200000000000003)
(4.0, 23.16)
(4.0, 23.119999999999997)
(4.0, 23.08)
(4.0, 23.04)
(4, 23)
(4.0, 23.0)
(3.96, 22.959999999999997)
(3.92, 22.92)
(3.88, 22.88)
(3.84, 22.84)
(3.8000000000000003, 22.800000000000004)
(3.76, 22.759999999999998)
(3.7199999999999998, 22.72)
(3.6799999999999997, 22.68)
(3.64, 22.64)
(3.6, 22.6)
(3.5600000000000005, 22.560000000000002)
(3.52, 22.52)
(3.48, 22.48)
(3.44, 22.439999999999998)
(3.4, 22.4)
(3.36, 22.36)
(3.32, 22.32)
(3.2800000000000002, 22.28)
(3.24, 22.24)
(3.2, 22.2)
(3.16, 22.16)
(3.12, 22.119999999999997)
(3.08, 22.080000000000002)
(3.04, 22.04)
(3, 22)
(3.0, 22.0)
(3.0, 21.959999999999997)
(3.0, 21.92)
(3.0, 21.88)
(3.0, 21.84)
(3.0000000000000004, 21.8)
(3.0, 21.759999999999998)
(3.0, 21.72)
(3.0, 21.68)
(3.0, 21.64)
(3.0, 21.6)
(3.0, 21.560000000000002)
(3.0, 21.520000000000003)
(3.0, 21.479999999999997)
(3.0, 21.44)
(3.0, 21.4)
(3.0, 21.36)
(3.0, 21.32)
(3.0, 21.28)
(3.0, 21.240000000000002)
(3.0, 21.2)
(3.0, 21.16)
(3.0, 21.12)
(3.0, 21.08)
(3.0, 21.04)
(3, 21)
(3.0, 21.0)
(3.0, 20.96)
(3.0, 20.92)
(3.0, 20.88)
(3.0, 20.84)
(3.0000000000000004, 20.8)
(3.0, 20.76)
(3.0, 20.72)
(3.0, 20.68)
(3.0, 20.64)
(3.0, 20.6)
(3.0, 20.560000000000002)
(3.0, 20.52)
(3.0, 20.48)
(3.0, 20.439999999999998)
(3.0, 20.4)
(3.0, 20.36)
(3.0, 20.32)
(3.0, 20.28)
(3.0, 20.24)
(3.0, 20.2)
(3.0, 20.16)
(3.0, 20.12)
(3.0, 20.080000000000002)
(3.0, 20.04)
(3, 20)
(3.0, 20.0)
(3.04, 19.96)
(3.08, 19.92)
(3.12, 19.880000000000003)
(3.16, 19.84)
(3.2, 19.8)
(3.24, 19.759999999999998)
(3.2800000000000002, 19.72)
(3.3200000000000003, 19.68)
(3.36, 19.64)
(3.4, 19.6)
(3.4400000000000004, 19.560000000000002)
(3.48, 19.52)
(3.52, 19.48)
(3.56, 19.439999999999998)
(3.6, 19.4)
(3.64, 19.36)
(3.68, 19.32)
(3.7199999999999998, 19.28)
(3.76, 19.24)
(3.8, 19.2)
(3.84, 19.16)
(3.88, 19.119999999999997)
(3.92, 19.08)
(3.96, 19.04)
(4, 19)
(4.0, 19.0)
(4.0, 18.959999999999997)
(4.0, 18.92)
(4.0, 18.88)
(4.0, 18.84)
(4.0, 18.8)
(4.0, 18.759999999999998)
(4.0, 18.72)
(4.0, 18.68)
(4.0, 18.64)
(4.0, 18.6)
(4.0, 18.560000000000002)
(4.0, 18.520000000000003)
(4.0, 18.479999999999997)
(4.0, 18.44)
(4.0, 18.4)
(4.0, 18.36)
(4.0, 18.32)
(4.0, 18.28)
(4.0, 18.24)
(4.0, 18.2)
(4.0, 18.16)
(4.0, 18.12)
(4.0, 18.080000000000002)
(4.0, 18.040000000000003)
(4, 18)
(4.0, 18.0)
(4.04, 17.96)
(4.08, 17.92)
(4.12, 17.88)
(4.16, 17.84)
(4.2, 17.8)
(4.24, 17.759999999999998)
(4.28, 17.72)
(4.32, 17.68)
(4.359999999999999, 17.64)
(4.4, 17.6)
(4.44, 17.560000000000002)
(4.48, 17.52)
(4.52, 17.48)
(4.5600000000000005, 17.44)
(4.6, 17.4)
(4.640000000000001, 17.36)
(4.68, 17.32)
(4.72, 17.28)
(4.76, 17.240000000000002)
(4.8, 17.2)
(4.84, 17.16)
(4.880000000000001, 17.12)
(4.92, 17.08)
(4.96, 17.04)
(5, 17)
(5.0, 17.0)
(5.04, 16.96)
(5.08, 16.92)
(5.12, 16.880000000000003)
(5.16, 16.84)
(5.2, 16.8)
(5.24, 16.759999999999998)
(5.279999999999999, 16.72)
(5.319999999999999, 16.68)
(5.36, 16.64)
(5.4, 16.6)
(5.44, 16.560000000000002)
(5.48, 16.52)
(5.52, 16.48)
(5.5600000000000005, 16.439999999999998)
(5.6, 16.4)
(5.64, 16.36)
(5.68, 16.32)
(5.720000000000001, 16.28)
(5.760000000000001, 16.240000000000002)
(5.800000000000001, 16.2)
(5.84, 16.16)
(5.88, 16.12)
(5.92, 16.08)
(5.96, 16.04)
(6, 16)
(6.0, 16.0)
(6.04, 16.0)
(6.08, 16.0)
(6.12, 16.0)
(6.16, 16.0)
(6.200000000000001, 16.0)
(6.24, 16.0)
(6.28, 16.0)
(6.32, 16.0)
(6.359999999999999, 16.0)
(6.4, 16.0)
(6.44, 16.0)
(6.48, 16.0)
(6.52, 16.0)
(6.5600000000000005, 16.0)
(6.6000000000000005, 16.0)
(6.640000000000001, 16.0)
(6.680000000000001, 16.0)
(6.720000000000001, 16.0)
(6.76, 16.0)
(6.800000000000001, 16.0)
(6.84, 16.0)
(6.88, 16.0)
(6.92, 16.0)
(6.96, 16.0)
(7, 16)
(7.0, 16.0)
(7.04, 16.0)
(7.08, 16.0)
(7.12, 16.0)
(7.16, 16.0)
(7.200000000000001, 16.0)
(7.24, 16.0)
(7.28, 16.0)
(7.32, 16.0)
(7.36, 16.0)
(7.4, 16.0)
(7.44, 16.0)
(7.48, 16.0)
(7.52, 16.0)
(7.5600000000000005, 16.0)
(7.6, 16.0)
(7.640000000000001, 16.0)
(7.68, 16.0)
(7.72, 16.0)
(7.76, 16.0)
(7.8, 16.0)
(7.84, 16.0)
(7.88, 16.0)
(7.92, 16.0)
(7.96, 16.0)
(8, 16)
(8.0, 16.0)
(8.04, 16.0)
(8.08, 16.0)
(8.120000000000001, 16.0)
(8.16, 16.0)
(8.200000000000001, 16.0)
(8.24, 16.0)
(8.280000000000001, 16.0)
(8.32, 16.0)
(8.36, 16.0)
(8.4, 16.0)
(8.440000000000001, 16.0)
(8.48, 16.0)
(8.52, 16.0)
(8.56, 16.0)
(8.6, 16.0)
(8.64, 16.0)
(8.68, 16.0)
(8.719999999999999, 16.0)
(8.76, 16.0)
(8.8, 16.0)
(8.84, 16.0)
(8.879999999999999, 16.0)
(8.920000000000002, 16.0)
(8.96, 16.0)
(9, 16)
(9.0, 16.0)
(9.040000000000001, 16.0)
(9.080000000000002, 16.0)
(9.12, 16.0)
(9.16, 16.0)
(9.2, 16.0)
(9.24, 16.0)
(9.28, 16.0)
(9.32, 16.0)
(9.36, 16.0)
(9.399999999999999, 16.0)
(9.440000000000001, 16.0)
(9.48, 16.0)
(9.52, 16.0)
(9.56, 16.0)
(9.6, 16.0)
(9.64, 16.0)
(9.68, 16.0)
(9.719999999999999, 16.0)
(9.76, 16.0)
(9.799999999999999, 16.0)
(9.84, 16.0)
(9.88, 16.0)
(9.92, 16.0)
(9.96, 16.0)
(10, 16)
(10.0, 16.0)
(10.04, 15.959999999999999)
(10.080000000000002, 15.92)
(10.120000000000001, 15.879999999999999)
(10.16, 15.84)
(10.2, 15.8)
(10.239999999999998, 15.76)
(10.28, 15.719999999999999)
(10.319999999999999, 15.68)
(10.36, 15.64)
(10.4, 15.6)
(10.440000000000001, 15.56)
(10.48, 15.52)
(10.52, 15.48)
(10.559999999999999, 15.44)
(10.6, 15.4)
(10.64, 15.36)
(10.68, 15.32)
(10.72, 15.28)
(10.76, 15.24)
(10.8, 15.2)
(10.84, 15.16)
(10.879999999999999, 15.12)
(10.92, 15.08)
(10.959999999999999, 15.04)
(11, 15)
(11.0, 15.0)
(11.04, 14.999999999999998)
(11.080000000000002, 15.0)
(11.12, 15.0)
(11.16, 15.0)
(11.200000000000001, 15.0)
(11.239999999999998, 15.0)
(11.280000000000001, 15.0)
(11.32, 15.0)
(11.36, 15.0)
(11.4, 15.0)
(11.440000000000001, 15.0)
(11.48, 15.0)
(11.52, 15.0)
(11.56, 15.0)
(11.6, 15.0)
(11.64, 15.0)
(11.68, 15.0)
(11.72, 15.0)
(11.760000000000002, 15.0)
(11.8, 15.0)
(11.84, 15.0)
(11.88, 15.0)
(11.92, 15.0)
(11.96, 15.0)
(12, 15)
(12.0, 15.0)
(12.04, 14.959999999999999)
(12.080000000000002, 14.920000000000002)
(12.120000000000001, 14.879999999999999)
(12.16, 14.84)
(12.200000000000001, 14.8)
(12.240000000000002, 14.76)
(12.280000000000001, 14.719999999999999)
(12.32, 14.68)
(12.36, 14.64)
(12.399999999999999, 14.600000000000001)
(12.440000000000001, 14.56)
(12.48, 14.52)
(12.52, 14.48)
(12.56, 14.440000000000001)
(12.600000000000001, 14.4)
(12.64, 14.36)
(12.68, 14.32)
(12.719999999999999, 14.280000000000001)
(12.760000000000002, 14.24)
(12.8, 14.2)
(12.84, 14.16)
(12.879999999999999, 14.120000000000001)
(12.92, 14.08)
(12.96, 14.04)
(13, 14)
(13.0, 14.0)
(13.0, 13.959999999999999)
(13.0, 13.920000000000002)
(13.0, 13.88)
(13.0, 13.84)
(13.0, 13.8)
(13.0, 13.760000000000002)
(13.0, 13.72)
(13.0, 13.68)
(13.0, 13.64)
(13.0, 13.600000000000001)
(13.0, 13.56)
(13.0, 13.52)
(13.0, 13.48)
(13.0, 13.440000000000001)
(13.0, 13.4)
(13.0, 13.36)
(13.0, 13.32)
(13.0, 13.28)
(13.0, 13.24)
(13.0, 13.2)
(13.0, 13.16)
(13.0, 13.12)
(13.0, 13.08)
(13.0, 13.040000000000001)
(13, 13)
(13.0, 13.0)
(13.0, 12.96)
(13.0, 12.920000000000002)
(13.0, 12.879999999999999)
(13.0, 12.84)
(13.0, 12.8)
(13.0, 12.760000000000002)
(13.0, 12.719999999999999)
(13.0, 12.68)
(13.0, 12.64)
(13.0, 12.600000000000001)
(13.0, 12.560000000000002)
(13.0, 12.52)
(13.0, 12.48)
(13.0, 12.44)
(13.0, 12.399999999999999)
(13.0, 12.36)
(13.0, 12.32)
(13.0, 12.280000000000001)
(13.0, 12.240000000000002)
(13.0, 12.200000000000001)
(13.0, 12.16)
(13.0, 12.120000000000001)
(13.0, 12.08)
(13.0, 12.04)
(13, 12)
(13.0, 12.0)
(12.96, 11.959999999999999)
(12.920000000000002, 11.920000000000002)
(12.879999999999999, 11.88)
(12.84, 11.84)
(12.8, 11.8)
(12.760000000000002, 11.760000000000002)
(12.719999999999999, 11.72)
(12.68, 11.68)
(12.64, 11.64)
(12.600000000000001, 11.6)
(12.560000000000002, 11.56)
(12.52, 11.52)
(12.48, 11.48)
(12.44, 11.44)
(12.399999999999999, 11.4)
(12.36, 11.36)
(12.32, 11.32)
(12.280000000000001, 11.280000000000001)
(12.240000000000002, 11.239999999999998)
(12.200000000000001, 11.2)
(12.16, 11.16)
(12.120000000000001, 11.12)
(12.08, 11.08)
(12.04, 11.04)
(12, 11)
(12.0, 11.0)
(11.959999999999999, 10.999999999999998)
(11.920000000000002, 11.000000000000002)
(11.88, 11.0)
(11.84, 11.0)
(11.8, 11.0)
(11.760000000000002, 11.0)
(11.72, 11.0)
(11.68, 11.0)
(11.64, 11.0)
(11.6, 11.0)
(11.56, 11.0)
(11.52, 11.0)
(11.48, 11.0)
(11.44, 11.0)
(11.4, 11.0)
(11.36, 11.0)
(11.32, 11.0)
(11.280000000000001, 11.0)
(11.239999999999998, 11.0)
(11.2, 11.0)
(11.16, 11.0)
(11.12, 11.0)
(11.08, 11.0)
(11.04, 11.0)
(11, 11)
(11.0, 11.0)
(10.959999999999999, 10.999999999999998)
(10.920000000000002, 11.000000000000002)
(10.879999999999999, 11.0)
(10.84, 11.0)
(10.8, 11.0)
(10.76, 11.0)
(10.72, 11.0)
(10.68, 11.0)
(10.64, 11.0)
(10.6, 11.0)
(10.56, 11.0)
(10.52, 11.0)
(10.48, 11.0)
(10.440000000000001, 11.0)
(10.4, 11.0)
(10.36, 11.0)
(10.32, 11.0)
(10.28, 11.0)
(10.239999999999998, 11.0)
(10.2, 11.0)
(10.16, 11.0)
(10.120000000000001, 11.0)
(10.08, 11.0)
(10.04, 11.0)
(10, 11)
(10.0, 11.0)
(9.959999999999999, 10.999999999999998)
(9.920000000000002, 11.000000000000002)
(9.88, 11.0)
(9.84, 11.0)
(9.8, 11.0)
(9.76, 11.0)
(9.719999999999999, 11.0)
(9.68, 11.0)
(9.64, 11.0)
(9.6, 11.0)
(9.56, 11.0)
(9.52, 11.0)
(9.48, 11.0)
(9.440000000000001, 11.0)
(9.399999999999999, 11.0)
(9.36, 11.0)
(9.32, 11.0)
(9.28, 11.0)
(9.24, 11.0)
(9.2, 11.0)
(9.16, 11.0)
(9.12, 11.0)
(9.08, 11.0)
(9.040000000000001, 11.0)
(9, 11)
(9.0, 11.0)
(8.96, 10.999999999999998)
(8.920000000000002, 11.000000000000002)
(8.879999999999999, 11.0)
(8.84, 11.0)
(8.8, 11.0)
(8.76, 11.0)
(8.719999999999999, 11.0)
(8.68, 11.0)
(8.64, 11.0)
(8.6, 11.0)
(8.56, 11.0)
(8.52, 11.0)
(8.48, 11.0)
(8.44, 11.0)
(8.4, 11.0)
(8.36, 11.0)
(8.32, 11.0)
(8.280000000000001, 11.0)
(8.24, 11.0)
(8.2, 11.0)
(8.16, 11.0)
(8.120000000000001, 11.0)
(8.08, 11.0)
(8.04, 11.0)
(8, 11)
(8.0, 11.0)
(7.96, 10.999999999999998)
(7.92, 11.000000000000002)
(7.88, 11.0)
(7.84, 11.0)
(7.800000000000001, 11.0)
(7.76, 11.0)
(7.72, 11.0)
(7.68, 11.0)
(7.640000000000001, 11.0)
(7.6, 11.0)
(7.5600000000000005, 11.0)
(7.52, 11.0)
(7.48, 11.0)
(7.4399999999999995, 11.0)
(7.4, 11.0)
(7.36, 11.0)
(7.32, 11.0)
(7.28, 11.0)
(7.24, 11.0)
(7.2, 11.0)
(7.16, 11.0)
(7.12, 11.0)
(7.08, 11.0)
(7.04, 11.0)
(7, 11)
(7.0, 11.0)
(6.96, 10.999999999999998)
(6.92, 11.000000000000002)
(6.88, 11.0)
(6.84, 11.0)
(6.800000000000001, 11.0)
(6.76, 11.0)
(6.720000000000001, 11.0)
(6.68, 11.0)
(6.640000000000001, 11.0)
(6.6000000000000005, 11.0)
(6.5600000000000005, 11.0)
(6.52, 11.0)
(6.48, 11.0)
(6.4399999999999995, 11.0)
(6.4, 11.0)
(6.359999999999999, 11.0)
(6.32, 11.0)
(6.28, 11.0)
(6.24, 11.0)
(6.2, 11.0)
(6.16, 11.0)
(6.12, 11.0)
(6.08, 11.0)
(6.04, 11.0)
(6, 11)
(6.0, 11.0)
(5.96, 10.959999999999999)
(5.920000000000001, 10.920000000000002)
(5.88, 10.879999999999999)
(5.84, 10.84)
(5.800000000000001, 10.8)
(5.760000000000001, 10.76)
(5.720000000000001, 10.72)
(5.68, 10.68)
(5.64, 10.64)
(5.6, 10.6)
(5.5600000000000005, 10.56)
(5.52, 10.52)
(5.48, 10.48)
(5.4399999999999995, 10.440000000000001)
(5.4, 10.4)
(5.36, 10.36)
(5.32, 10.32)
(5.279999999999999, 10.28)
(5.24, 10.239999999999998)
(5.199999999999999, 10.2)
(5.16, 10.16)
(5.12, 10.120000000000001)
(5.08, 10.08)
(5.04, 10.04)
(5, 10)
(5.0, 10.0)
(4.96, 9.959999999999999)
(4.920000000000001, 9.920000000000002)
(4.880000000000001, 9.88)
(4.84, 9.84)
(4.8, 9.8)
(4.76, 9.76)
(4.72, 9.719999999999999)
(4.68, 9.68)
(4.640000000000001, 9.64)
(4.6, 9.6)
(4.5600000000000005, 9.56)
(4.52, 9.52)
(4.48, 9.48)
(4.4399999999999995, 9.440000000000001)
(4.4, 9.399999999999999)
(4.359999999999999, 9.36)
(4.32, 9.32)
(4.28, 9.28)
(4.24, 9.24)
(4.2, 9.2)
(4.16, 9.16)
(4.12, 9.12)
(4.08, 9.08)
(4.04, 9.040000000000001)
(4, 9)
(4.0, 9.0)
(4.0, 8.96)
(4.0, 8.920000000000002)
(4.0, 8.879999999999999)
(4.0, 8.84)
(4.0, 8.8)
(4.0, 8.76)
(4.0, 8.719999999999999)
(4.0, 8.68)
(4.0, 8.64)
(4.0, 8.6)
(4.0, 8.56)
(4.0, 8.52)
(4.0, 8.48)
(4.0, 8.44)
(4.0, 8.4)
(4.0, 8.36)
(4.0, 8.32)
(4.0, 8.280000000000001)
(4.0, 8.24)
(4.0, 8.2)
(4.0, 8.16)
(4.0, 8.120000000000001)
(4.0, 8.08)
(4.0, 8.04)
(4, 8)
(4.0, 8.0)
(4.0, 7.96)
(4.0, 7.92)
(4.0, 7.88)
(4.0, 7.84)
(4.0, 7.800000000000001)
(4.0, 7.76)
(4.0, 7.72)
(4.0, 7.68)
(4.0, 7.640000000000001)
(4.0, 7.6)
(4.0, 7.5600000000000005)
(4.0, 7.52)
(4.0, 7.48)
(4.0, 7.4399999999999995)
(4.0, 7.4)
(4.0, 7.36)
(4.0, 7.32)
(4.0, 7.28)
(4.0, 7.24)
(4.0, 7.2)
(4.0, 7.16)
(4.0, 7.12)
(4.0, 7.08)
(4.0, 7.04)
(4, 7)
(4.0, 7.0)
(4.0, 6.96)
(4.0, 6.92)
(4.0, 6.88)
(4.0, 6.84)
(4.0, 6.800000000000001)
(4.0, 6.76)
(4.0, 6.720000000000001)
(4.0, 6.68)
(4.0, 6.640000000000001)
(4.0, 6.6000000000000005)
(4.0, 6.5600000000000005)
(4.0, 6.52)
(4.0, 6.48)
(4.0, 6.4399999999999995)
(4.0, 6.4)
(4.0, 6.359999999999999)
(4.0, 6.32)
(4.0, 6.28)
(4.0, 6.24)
(4.0, 6.2)
(4.0, 6.16)
(4.0, 6.12)
(4.0, 6.08)
(4.0, 6.04)
(4, 6)
(4.0, 6.0)
(4.04, 5.96)
(4.08, 5.920000000000001)
(4.12, 5.88)
(4.16, 5.84)
(4.2, 5.800000000000001)
(4.24, 5.760000000000001)
(4.28, 5.720000000000001)
(4.32, 5.68)
(4.359999999999999, 5.64)
(4.4, 5.6)
(4.44, 5.5600000000000005)
(4.48, 5.52)
(4.52, 5.48)
(4.5600000000000005, 5.4399999999999995)
(4.6, 5.4)
(4.640000000000001, 5.36)
(4.68, 5.32)
(4.72, 5.279999999999999)
(4.76, 5.24)
(4.8, 5.199999999999999)
(4.84, 5.16)
(4.880000000000001, 5.12)
(4.92, 5.08)
(4.96, 5.04)
(5, 5)
(5.0, 5.0)
(5.04, 4.96)
(5.08, 4.920000000000001)
(5.12, 4.880000000000001)
(5.16, 4.84)
(5.2, 4.8)
(5.24, 4.76)
(5.279999999999999, 4.72)
(5.319999999999999, 4.68)
(5.36, 4.640000000000001)
(5.4, 4.6)
(5.44, 4.5600000000000005)
(5.48, 4.52)
(5.52, 4.48)
(5.5600000000000005, 4.4399999999999995)
(5.6, 4.4)
(5.64, 4.359999999999999)
(5.68, 4.32)
(5.720000000000001, 4.28)
(5.760000000000001, 4.24)
(5.800000000000001, 4.2)
(5.84, 4.16)
(5.88, 4.12)
(5.92, 4.08)
(5.96, 4.04)
(6, 4)
(6.0, 4.0)
(6.04, 3.96)
(6.08, 3.92)
(6.12, 3.88)
(6.16, 3.84)
(6.200000000000001, 3.8000000000000003)
(6.24, 3.76)
(6.28, 3.7199999999999998)
(6.32, 3.6799999999999997)
(6.359999999999999, 3.64)
(6.4, 3.6)
(6.44, 3.5600000000000005)
(6.48, 3.52)
(6.52, 3.48)
(6.5600000000000005, 3.44)
(6.6000000000000005, 3.4)
(6.640000000000001, 3.36)
(6.680000000000001, 3.32)
(6.720000000000001, 3.2800000000000002)
(6.76, 3.24)
(6.800000000000001, 3.2)
(6.84, 3.16)
(6.88, 3.12)
(6.92, 3.08)
(6.96, 3.04)
(7, 3)
(7.0, 3.0)
(7.04, 3.0)
(7.08, 3.0)
(7.12, 3.0)
(7.16, 3.0)
(7.200000000000001, 3.0000000000000004)
(7.24, 3.0)
(7.28, 3.0)
(7.32, 3.0)
(7.36, 3.0)
(7.4, 3.0)
(7.44, 3.0)
(7.48, 3.0)
(7.52, 3.0)
(7.5600000000000005, 3.0)
(7.6, 3.0)
(7.640000000000001, 3.0)
(7.68, 3.0)
(7.72, 3.0)
(7.76, 3.0)
(7.8, 3.0)
(7.84, 3.0)
(7.88, 3.0)
(7.92, 3.0)
(7.96, 3.0)
(8, 3)
(8.0, 3.0)
(8.04, 3.0)
(8.08, 3.0)
(8.120000000000001, 3.0)
(8.16, 3.0)
(8.200000000000001, 3.0000000000000004)
(8.24, 3.0)
(8.280000000000001, 3.0)
(8.32, 3.0)
(8.36, 3.0)
(8.4, 3.0)
(8.440000000000001, 3.0)
(8.48, 3.0)
(8.52, 3.0)
(8.56, 3.0)
(8.6, 3.0)
(8.64, 3.0)
(8.68, 3.0)
(8.719999999999999, 3.0)
(8.76, 3.0)
(8.8, 3.0)
(8.84, 3.0)
(8.879999999999999, 3.0)
(8.920000000000002, 3.0)
(8.96, 3.0)
(9, 3)
(9.0, 3.0)
(9.040000000000001, 3.0)
(9.080000000000002, 3.0)
(9.12, 3.0)
(9.16, 3.0)
(9.2, 3.0000000000000004)
(9.24, 3.0)
(9.28, 3.0)
(9.32, 3.0)
(9.36, 3.0)
(9.399999999999999, 3.0)
(9.440000000000001, 3.0)
(9.48, 3.0)
(9.52, 3.0)
(9.56, 3.0)
(9.6, 3.0)
(9.64, 3.0)
(9.68, 3.0)
(9.719999999999999, 3.0)
(9.76, 3.0)
(9.799999999999999, 3.0)
(9.84, 3.0)
(9.88, 3.0)
(9.92, 3.0)
(9.96, 3.0)
(10, 3)
(10.0, 3.0)
(10.04, 3.0)
(10.080000000000002, 3.0)
(10.120000000000001, 3.0)
(10.16, 3.0)
(10.2, 3.0000000000000004)
(10.239999999999998, 3.0)
(10.28, 3.0)
(10.319999999999999, 3.0)
(10.36, 3.0)
(10.4, 3.0)
(10.440000000000001, 3.0)
(10.48, 3.0)
(10.52, 3.0)
(10.559999999999999, 3.0)
(10.6, 3.0)
(10.64, 3.0)
(10.68, 3.0)
(10.72, 3.0)
(10.76, 3.0)
(10.8, 3.0)
(10.84, 3.0)
(10.879999999999999, 3.0)
(10.92, 3.0)
(10.959999999999999, 3.0)
(11, 3)
(11.0, 3.0)
(11.04, 3.0)
(11.080000000000002, 3.0)
(11.12, 3.0)
(11.16, 3.0)
(11.200000000000001, 3.0000000000000004)
(11.239999999999998, 3.0)
(11.280000000000001, 3.0)
(11.32, 3.0)
(11.36, 3.0)
(11.4, 3.0)
(11.440000000000001, 3.0)
(11.48, 3.0)
(11.52, 3.0)
(11.56, 3.0)
(11.6, 3.0)
(11.64, 3.0)
(11.68, 3.0)
(11.72, 3.0)
(11.760000000000002, 3.0)
(11.8, 3.0)
(11.84, 3.0)
(11.88, 3.0)
(11.92, 3.0)
(11.96, 3.0)
(12, 3)
(12.0, 3.0)
(12.04, 3.0)
(12.080000000000002, 3.0)
(12.120000000000001, 3.0)
(12.16, 3.0)
(12.200000000000001, 3.0000000000000004)
(12.240000000000002, 3.0)
(12.280000000000001, 3.0)
(12.32, 3.0)
(12.36, 3.0)
(12.399999999999999, 3.0)
(12.440000000000001, 3.0)
(12.48, 3.0)
(12.52, 3.0)
(12.56, 3.0)
(12.600000000000001, 3.0)
(12.64, 3.0)
(12.68, 3.0)
(12.719999999999999, 3.0)
(12.760000000000002, 3.0)
(12.8, 3.0)
(12.84, 3.0)
(12.879999999999999, 3.0)
(12.92, 3.0)
(12.96, 3.0)
(13, 3)
(13.0, 3.0)
(13.040000000000001, 3.0)
(13.080000000000002, 3.0)
(13.12, 3.0)
(13.16, 3.0)
(13.200000000000001, 3.0000000000000004)
(13.24, 3.0)
(13.28, 3.0)
(13.32, 3.0)
(13.36, 3.0)
(13.4, 3.0)
(13.440000000000001, 3.0)
(13.48, 3.0)
(13.52, 3.0)
(13.559999999999999, 3.0)
(13.600000000000001, 3.0)
(13.64, 3.0)
(13.68, 3.0)
(13.72, 3.0)
(13.760000000000002, 3.0)
(13.8, 3.0)
(13.84, 3.0)
(13.88, 3.0)
(13.92, 3.0)
(13.96, 3.0)
(14, 3)
(14.0, 3.0)
(14.04, 3.0)
(14.08, 3.0)
(14.120000000000001, 3.0)
(14.16, 3.0)
(14.200000000000001, 3.0000000000000004)
(14.24, 3.0)
(14.280000000000001, 3.0)
(14.32, 3.0)
(14.36, 3.0)
(14.4, 3.0)
(14.440000000000001, 3.0)
(14.48, 3.0)
(14.52, 3.0)
(14.559999999999999, 3.0)
(14.600000000000001, 3.0)
(14.64, 3.0)
(14.68, 3.0)
(14.719999999999999, 3.0)
(14.76, 3.0)
(14.799999999999999, 3.0)
(14.84, 3.0)
(14.879999999999999, 3.0)
(14.92, 3.0)
(14.959999999999999, 3.0)
(15, 3)
(15.0, 3.0)
(15.04, 3.0)
(15.08, 3.0)
(15.12, 3.0)
(15.16, 3.0)
(15.2, 3.0000000000000004)
(15.24, 3.0)
(15.28, 3.0)
(15.32, 3.0)
(15.36, 3.0)
(15.4, 3.0)
(15.440000000000001, 3.0)
(15.48, 3.0)
(15.52, 3.0)
(15.56, 3.0)
(15.6, 3.0)
(15.64, 3.0)
(15.68, 3.0)
(15.719999999999999, 3.0)
(15.76, 3.0)
(15.8, 3.0)
(15.84, 3.0)
(15.879999999999999, 3.0)
(15.92, 3.0)
(15.96, 3.0)
(16, 3)
(16.0, 3.0)
(16.04, 3.0)
(16.080000000000002, 3.0)
(16.12, 3.0)
(16.16, 3.0)
(16.200000000000003, 3.0000000000000004)
(16.240000000000002, 3.0)
(16.28, 3.0)
(16.32, 3.0)
(16.36, 3.0)
(16.4, 3.0)
(16.44, 3.0)
(16.48, 3.0)
(16.52, 3.0)
(16.560000000000002, 3.0)
(16.6, 3.0)
(16.64, 3.0)
(16.68, 3.0)
(16.72, 3.0)
(16.759999999999998, 3.0)
(16.8, 3.0)
(16.84, 3.0)
(16.880000000000003, 3.0)
(16.92, 3.0)
(16.96, 3.0)
(17, 3)
(17.0, 3.0)
(17.04, 3.0)
(17.080000000000002, 3.0)
(17.12, 3.0)
(17.16, 3.0)
(17.200000000000003, 3.0000000000000004)
(17.240000000000002, 3.0)
(17.28, 3.0)
(17.32, 3.0)
(17.36, 3.0)
(17.4, 3.0)
(17.44, 3.0)
(17.48, 3.0)
(17.52, 3.0)
(17.560000000000002, 3.0)
(17.6, 3.0)
(17.64, 3.0)
(17.68, 3.0)
(17.72, 3.0)
(17.759999999999998, 3.0)
(17.8, 3.0)
(17.84, 3.0)
(17.88, 3.0)
(17.92, 3.0)
(17.96, 3.0)
(18, 3)
(18.0, 3.0)
(18.040000000000003, 3.0)
(18.080000000000002, 3.0)
(18.12, 3.0)
(18.16, 3.0)
(18.2, 3.0000000000000004)
(18.24, 3.0)
(18.28, 3.0)
(18.32, 3.0)
(18.36, 3.0)
(18.4, 3.0)
(18.44, 3.0)
(18.479999999999997, 3.0)
(18.520000000000003, 3.0)
(18.56, 3.0)
(18.6, 3.0)
(18.64, 3.0)
(18.68, 3.0)
(18.72, 3.0)
(18.759999999999998, 3.0)
(18.8, 3.0)
(18.84, 3.0)
(18.88, 3.0)
(18.919999999999998, 3.0)
(18.96, 3.0)
(19, 3)
(19.0, 3.0)
(19.04, 3.04)
(19.080000000000002, 3.08)
(19.119999999999997, 3.12)
(19.16, 3.16)
(19.200000000000003, 3.2)
(19.24, 3.24)
(19.28, 3.2800000000000002)
(19.32, 3.3200000000000003)
(19.36, 3.36)
(19.4, 3.4)
(19.44, 3.4400000000000004)
(19.48, 3.48)
(19.52, 3.52)
(19.560000000000002, 3.56)
(19.6, 3.6)
(19.64, 3.64)
(19.68, 3.68)
(19.72, 3.7199999999999998)
(19.759999999999998, 3.76)
(19.799999999999997, 3.8)
(19.84, 3.84)
(19.880000000000003, 3.88)
(19.92, 3.92)
(19.96, 3.96)
(20, 4)
(20.0, 4.0)
(20.04, 4.04)
(20.080000000000002, 4.08)
(20.12, 4.12)
(20.16, 4.16)
(20.2, 4.2)
(20.24, 4.24)
(20.28, 4.28)
(20.319999999999997, 4.32)
(20.36, 4.359999999999999)
(20.4, 4.4)
(20.44, 4.44)
(20.48, 4.48)
(20.52, 4.52)
(20.560000000000002, 4.5600000000000005)
(20.6, 4.6)
(20.64, 4.640000000000001)
(20.68, 4.68)
(20.72, 4.72)
(20.76, 4.76)
(20.8, 4.8)
(20.84, 4.84)
(20.88, 4.880000000000001)
(20.919999999999998, 4.92)
(20.96, 4.96)
(21, 5)
(21.0, 5.0)
(21.0, 5.04)
(21.0, 5.08)
(21.0, 5.12)
(21.0, 5.16)
(21.0, 5.2)
(21.0, 5.24)
(21.0, 5.279999999999999)
(21.0, 5.319999999999999)
(21.0, 5.36)
(21.0, 5.4)
(21.0, 5.44)
(21.0, 5.48)
(21.0, 5.52)
(21.0, 5.5600000000000005)
(21.0, 5.6)
(21.0, 5.64)
(21.0, 5.68)
(21.0, 5.720000000000001)
(21.0, 5.760000000000001)
(21.0, 5.800000000000001)
(21.0, 5.84)
(21.0, 5.88)
(21.0, 5.92)
(21.0, 5.96)
(21, 6)
(21.0, 6.0)
(21.0, 6.04)
(21.0, 6.08)
(21.0, 6.12)
(21.0, 6.16)
(21.0, 6.200000000000001)
(21.0, 6.24)
(21.0, 6.28)
(21.0, 6.32)
(21.0, 6.359999999999999)
(21.0, 6.4)
(21.0, 6.44)
(21.0, 6.48)
(21.0, 6.52)
(21.0, 6.5600000000000005)
(21.0, 6.6000000000000005)
(21.0, 6.640000000000001)
(21.0, 6.680000000000001)
(21.0, 6.720000000000001)
(21.0, 6.76)
(21.0, 6.800000000000001)
(21.0, 6.84)
(21.0, 6.88)
(21.0, 6.92)
(21.0, 6.96)
(21, 7)
(21.0, 7.0)
(21.04, 7.04)
(21.080000000000002, 7.08)
(21.12, 7.12)
(21.16, 7.16)
(21.200000000000003, 7.200000000000001)
(21.240000000000002, 7.24)
(21.28, 7.28)
(21.32, 7.32)
(21.36, 7.36)
(21.4, 7.4)
(21.44, 7.44)
(21.479999999999997, 7.48)
(21.520000000000003, 7.52)
(21.56, 7.5600000000000005)
(21.6, 7.6)
(21.64, 7.640000000000001)
(21.68, 7.68)
(21.72, 7.72)
(21.759999999999998, 7.76)
(21.8, 7.8)
(21.84, 7.84)
(21.88, 7.88)
(21.92, 7.92)
(21.959999999999997, 7.96)
(22, 8)
(22.0, 8.0)
(21.999999999999996, 8.04)
(22.000000000000004, 8.08)
(22.0, 8.120000000000001)
(22.0, 8.16)
(22.0, 8.200000000000001)
(22.0, 8.24)
(22.0, 8.280000000000001)
(22.0, 8.32)
(22.0, 8.36)
(22.0, 8.4)
(22.0, 8.440000000000001)
(22.0, 8.48)
(22.0, 8.52)
(22.0, 8.56)
(22.0, 8.6)
(22.0, 8.64)
(22.0, 8.68)
(22.0, 8.719999999999999)
(22.0, 8.76)
(22.0, 8.8)
(22.0, 8.84)
(22.0, 8.879999999999999)
(22.0, 8.920000000000002)
(22.0, 8.96)
(22, 9)
(22.0, 9.0)
(21.999999999999996, 9.040000000000001)
(22.000000000000004, 9.080000000000002)
(22.0, 9.12)
(22.0, 9.16)
(22.0, 9.2)
(22.0, 9.24)
(22.0, 9.28)
(22.0, 9.32)
(22.0, 9.36)
(22.0, 9.399999999999999)
(22.0, 9.440000000000001)
(22.0, 9.48)
(22.0, 9.52)
(22.0, 9.56)
(22.0, 9.6)
(22.0, 9.64)
(22.0, 9.68)
(22.0, 9.719999999999999)
(22.0, 9.76)
(22.0, 9.799999999999999)
(22.0, 9.84)
(22.0, 9.88)
(22.0, 9.92)
(22.0, 9.96)
(22, 10)
(22.0, 10.0)
(21.999999999999996, 10.04)
(22.000000000000004, 10.080000000000002)
(22.0, 10.120000000000001)
(22.0, 10.16)
(22.0, 10.2)
(22.0, 10.239999999999998)
(22.0, 10.28)
(22.0, 10.319999999999999)
(22.0, 10.36)
(22.0, 10.4)
(22.0, 10.440000000000001)
(22.0, 10.48)
(22.0, 10.52)
(22.0, 10.559999999999999)
(22.0, 10.6)
(22.0, 10.64)
(22.0, 10.68)
(22.0, 10.72)
(22.0, 10.76)
(22.0, 10.8)
(22.0, 10.84)
(22.0, 10.879999999999999)
(22.0, 10.92)
(22.0, 10.959999999999999)
(22, 11)
(22.0, 11.0)
(21.999999999999996, 11.04)
(22.000000000000004, 11.080000000000002)
(22.0, 11.12)
(22.0, 11.16)
(22.0, 11.200000000000001)
(22.0, 11.239999999999998)
(22.0, 11.280000000000001)
(22.0, 11.32)
(22.0, 11.36)
(22.0, 11.4)
(22.0, 11.440000000000001)
(22.0, 11.48)
(22.0, 11.52)
(22.0, 11.56)
(22.0, 11.6)
(22.0, 11.64)
(22.0, 11.68)
(22.0, 11.72)
(22.0, 11.760000000000002)
(22.0, 11.8)
(22.0, 11.84)
(22.0, 11.88)
(22.0, 11.92)
(22.0, 11.96)
(22, 12)
(22.0, 12.0)
(21.959999999999997, 12.04)
(21.92, 12.080000000000002)
(21.88, 12.120000000000001)
(21.84, 12.16)
(21.8, 12.200000000000001)
(21.759999999999998, 12.240000000000002)
(21.72, 12.280000000000001)
(21.68, 12.32)
(21.64, 12.36)
(21.6, 12.399999999999999)
(21.560000000000002, 12.440000000000001)
(21.520000000000003, 12.48)
(21.479999999999997, 12.52)
(21.44, 12.56)
(21.4, 12.600000000000001)
(21.36, 12.64)
(21.32, 12.68)
(21.28, 12.719999999999999)
(21.240000000000002, 12.760000000000002)
(21.2, 12.8)
(21.16, 12.84)
(21.12, 12.879999999999999)
(21.08, 12.92)
(21.04, 12.96)
(21, 13)
(21.0, 13.0)
(20.96, 13.040000000000001)
(20.92, 13.080000000000002)
(20.88, 13.12)
(20.84, 13.16)
(20.8, 13.200000000000001)
(20.76, 13.24)
(20.72, 13.28)
(20.68, 13.32)
(20.64, 13.36)
(20.6, 13.4)
(20.560000000000002, 13.440000000000001)
(20.52, 13.48)
(20.48, 13.52)
(20.439999999999998, 13.559999999999999)
(20.4, 13.600000000000001)
(20.36, 13.64)
(20.32, 13.68)
(20.28, 13.72)
(20.24, 13.760000000000002)
(20.2, 13.8)
(20.16, 13.84)
(20.12, 13.88)
(20.080000000000002, 13.92)
(20.04, 13.96)
(20, 14)
(20.0, 14.0)
(19.96, 14.04)
(19.92, 14.08)
(19.880000000000003, 14.120000000000001)
(19.84, 14.16)
(19.8, 14.200000000000001)
(19.759999999999998, 14.24)
(19.72, 14.280000000000001)
(19.68, 14.32)
(19.64, 14.36)
(19.6, 14.4)
(19.560000000000002, 14.440000000000001)
(19.52, 14.48)
(19.48, 14.52)
(19.439999999999998, 14.559999999999999)
(19.4, 14.600000000000001)
(19.36, 14.64)
(19.32, 14.68)
(19.28, 14.719999999999999)
(19.24, 14.76)
(19.2, 14.799999999999999)
(19.16, 14.84)
(19.119999999999997, 14.879999999999999)
(19.08, 14.92)
(19.04, 14.959999999999999)
(19, 15)
(19.0, 15.0)
(19.0, 15.04)
(19.0, 15.08)
(19.0, 15.12)
(19.0, 15.16)
(19.0, 15.2)
(19.0, 15.24)
(19.0, 15.28)
(19.0, 15.32)
(19.0, 15.36)
(19.0, 15.4)
(19.0, 15.440000000000001)
(19.0, 15.48)
(19.0, 15.52)
(19.0, 15.56)
(19.0, 15.6)
(19.0, 15.64)
(19.0, 15.68)
(19.0, 15.719999999999999)
(19.0, 15.76)
(19.0, 15.8)
(19.0, 15.84)
(19.0, 15.879999999999999)
(19.0, 15.92)
(19.0, 15.96)
(19, 16)
(19.0, 16.0)
(19.0, 16.04)
(19.0, 16.080000000000002)
(19.0, 16.12)
(19.0, 16.16)
(19.0, 16.200000000000003)
(19.0, 16.240000000000002)
(19.0, 16.28)
(19.0, 16.32)
(19.0, 16.36)
(19.0, 16.4)
(19.0, 16.44)
(19.0, 16.48)
(19.0, 16.52)
(19.0, 16.560000000000002)
(19.0, 16.6)
(19.0, 16.64)
(19.0, 16.68)
(19.0, 16.72)
(19.0, 16.759999999999998)
(19.0, 16.8)
(19.0, 16.84)
(19.0, 16.880000000000003)
(19.0, 16.92)
(19.0, 16.96)
(19, 17)
(19.0, 17.0)
(18.959999999999997, 17.04)
(18.92, 17.080000000000002)
(18.88, 17.12)
(18.84, 17.16)
(18.8, 17.200000000000003)
(18.759999999999998, 17.240000000000002)
(18.72, 17.28)
(18.68, 17.32)
(18.64, 17.36)
(18.6, 17.4)
(18.560000000000002, 17.44)
(18.520000000000003, 17.48)
(18.479999999999997, 17.52)
(18.44, 17.560000000000002)
(18.4, 17.6)
(18.36, 17.64)
(18.32, 17.68)
(18.28, 17.72)
(18.24, 17.759999999999998)
(18.2, 17.8)
(18.16, 17.84)
(18.12, 17.88)
(18.080000000000002, 17.92)
(18.040000000000003, 17.96)
(18, 18)
(18.0, 18.0)
(18.0, 18.040000000000003)
(18.000000000000004, 18.080000000000002)
(18.0, 18.12)
(18.0, 18.16)
(18.0, 18.2)
(18.0, 18.24)
(18.0, 18.28)
(18.0, 18.32)
(18.0, 18.36)
(18.0, 18.4)
(18.0, 18.44)
(18.0, 18.479999999999997)
(18.0, 18.520000000000003)
(18.0, 18.56)
(18.0, 18.6)
(18.0, 18.64)
(18.0, 18.68)
(18.0, 18.72)
(18.0, 18.759999999999998)
(18.0, 18.8)
(18.0, 18.84)
(18.0, 18.88)
(18.0, 18.919999999999998)
(18.0, 18.96)
(18, 19)
(18.0, 19.0)
(17.96, 19.04)
(17.92, 19.080000000000002)
(17.88, 19.119999999999997)
(17.84, 19.16)
(17.8, 19.200000000000003)
(17.759999999999998, 19.24)
(17.72, 19.28)
(17.68, 19.32)
(17.64, 19.36)
(17.6, 19.4)
(17.560000000000002, 19.44)
(17.52, 19.48)
(17.48, 19.52)
(17.44, 19.560000000000002)
(17.4, 19.6)
(17.36, 19.64)
(17.32, 19.68)
(17.28, 19.72)
(17.240000000000002, 19.759999999999998)
(17.2, 19.799999999999997)
(17.16, 19.84)
(17.12, 19.880000000000003)
(17.08, 19.92)
(17.04, 19.96)
(17, 20)
(17.0, 20.0)
(16.96, 20.04)
(16.92, 20.080000000000002)
(16.880000000000003, 20.12)
(16.84, 20.16)
(16.8, 20.2)
(16.759999999999998, 20.24)
(16.72, 20.28)
(16.68, 20.319999999999997)
(16.64, 20.36)
(16.6, 20.4)
(16.560000000000002, 20.44)
(16.52, 20.48)
(16.48, 20.52)
(16.439999999999998, 20.560000000000002)
(16.4, 20.6)
(16.36, 20.64)
(16.32, 20.68)
(16.28, 20.72)
(16.240000000000002, 20.76)
(16.2, 20.8)
(16.16, 20.84)
(16.12, 20.88)
(16.08, 20.919999999999998)
(16.04, 20.96)
(16, 21)
(16.0, 21.0)
(16.0, 21.04)
(16.0, 21.080000000000002)
(16.0, 21.12)
(16.0, 21.16)
(16.0, 21.200000000000003)
(16.0, 21.240000000000002)
(16.0, 21.28)
(16.0, 21.32)
(16.0, 21.36)
(16.0, 21.4)
(16.0, 21.44)
(16.0, 21.479999999999997)
(16.0, 21.520000000000003)
(16.0, 21.56)
(16.0, 21.6)
(16.0, 21.64)
(16.0, 21.68)
(16.0, 21.72)
(16.0, 21.759999999999998)
(16.0, 21.8)
(16.0, 21.84)
(16.0, 21.88)
(16.0, 21.92)
(16.0, 21.959999999999997)
(16, 22)
(16.0, 22.0)
(16.0, 22.04)
(16.0, 22.080000000000002)
(16.0, 22.119999999999997)
(16.0, 22.16)
(16.0, 22.200000000000003)
(16.0, 22.24)
(16.0, 22.28)
(16.0, 22.32)
(16.0, 22.36)
(16.0, 22.4)
(16.0, 22.439999999999998)
(16.0, 22.48)
(16.0, 22.52)
(16.0, 22.560000000000002)
(16.0, 22.6)
(16.0, 22.64)
(16.0, 22.68)
(16.0, 22.72)
(16.0, 22.759999999999998)
(16.0, 22.8)
(16.0, 22.84)
(16.0, 22.88)
(16.0, 22.919999999999998)
(16.0, 22.96)
(16, 23)
(16.0, 23.0)
(16.0, 23.04)
(16.0, 23.08)
(16.0, 23.119999999999997)
(16.0, 23.16)
(16.0, 23.200000000000003)
(16.0, 23.240000000000002)
(16.0, 23.28)
(16.0, 23.32)
(16.0, 23.36)
(16.0, 23.4)
(16.0, 23.44)
(16.0, 23.48)
(16.0, 23.52)
(16.0, 23.560000000000002)
(16.0, 23.6)
(16.0, 23.64)
(16.0, 23.68)
(16.0, 23.720000000000002)
(16.0, 23.76)
(16.0, 23.8)
(16.0, 23.84)
(16.0, 23.880000000000003)
(16.0, 23.92)
(16.0, 23.96)
(16, 24)
(16.0, 24.0)
(16.0, 24.04)
(16.0, 24.080000000000002)
(16.0, 24.12)
(16.0, 24.16)
(16.0, 24.200000000000003)
(16.0, 24.240000000000002)
(16.0, 24.28)
(16.0, 24.32)
(16.0, 24.36)
(16.0, 24.4)
(16.0, 24.44)
(16.0, 24.48)
(16.0, 24.52)
(16.0, 24.560000000000002)
(16.0, 24.6)
(16.0, 24.64)
(16.0, 24.68)
(16.0, 24.72)
(16.0, 24.759999999999998)
(16.0, 24.799999999999997)
(16.0, 24.84)
(16.0, 24.88)
(16.0, 24.919999999999998)
(16.0, 24.96)
(16, 25)
(16.0, 25.0)
(16.04, 25.04)
(16.080000000000002, 25.08)
(16.12, 25.12)
(16.16, 25.16)
(16.200000000000003, 25.2)
(16.240000000000002, 25.240000000000002)
(16.28, 25.28)
(16.32, 25.32)
(16.36, 25.36)
(16.4, 25.4)
(16.44, 25.44)
(16.48, 25.48)
(16.52, 25.52)
(16.560000000000002, 25.560000000000002)
(16.6, 25.6)
(16.64, 25.64)
(16.68, 25.68)
(16.72, 25.72)
(16.759999999999998, 25.76)
(16.8, 25.8)
(16.84, 25.84)
(16.880000000000003, 25.88)
(16.92, 25.92)
(16.96, 25.96)
(17, 26)
(17.0, 26.0)
(17.04, 26.04)
(17.080000000000002, 26.080000000000002)
(17.12, 26.119999999999997)
(17.16, 26.16)
(17.200000000000003, 26.200000000000003)
(17.240000000000002, 26.240000000000002)
(17.28, 26.28)
(17.32, 26.32)
(17.36, 26.36)
(17.4, 26.4)
(17.44, 26.440000000000005)
(17.48, 26.479999999999997)
(17.52, 26.520000000000003)
(17.560000000000002, 26.56)
(17.6, 26.6)
(17.64, 26.64)
(17.68, 26.68)
(17.72, 26.72)
(17.759999999999998, 26.759999999999998)
(17.8, 26.8)
(17.84, 26.84)
(17.88, 26.880000000000003)
(17.92, 26.919999999999998)
(17.96, 26.96)
(18, 27)
(18.0, 27.0)
(18.040000000000003, 27.04)
(18.080000000000002, 27.08)
(18.12, 27.12)
(18.16, 27.16)
(18.2, 27.200000000000003)
(18.24, 27.24)
(18.28, 27.279999999999998)
(18.32, 27.32)
(18.36, 27.36)
(18.4, 27.4)
(18.44, 27.44)
(18.479999999999997, 27.48)
(18.520000000000003, 27.52)
(18.56, 27.560000000000002)
(18.6, 27.6)
(18.64, 27.64)
(18.68, 27.68)
(18.72, 27.72)
(18.759999999999998, 27.76)
(18.8, 27.8)
(18.84, 27.84)
(18.88, 27.88)
(18.919999999999998, 27.92)
(18.96, 27.96)
(19, 28)
(19.0, 28.0)
(19.04, 28.04)
(19.080000000000002, 28.080000000000002)
(19.119999999999997, 28.12)
(19.16, 28.16)
(19.200000000000003, 28.200000000000003)
(19.24, 28.240000000000002)
(19.28, 28.28)
(19.32, 28.32)
(19.36, 28.36)
(19.4, 28.400000000000002)
(19.44, 28.44)
(19.48, 28.48)
(19.52, 28.52)
(19.560000000000002, 28.560000000000002)
(19.6, 28.6)
(19.64, 28.64)
(19.68, 28.68)
(19.72, 28.72)
(19.759999999999998, 28.759999999999998)
(19.799999999999997, 28.8)
(19.84, 28.84)
(19.880000000000003, 28.88)
(19.92, 28.919999999999998)
(19.96, 28.96)
(20, 29)
(20.0, 29.0)
(20.04, 29.0)
(20.080000000000002, 29.0)
(20.12, 29.0)
(20.16, 29.0)
(20.2, 29.000000000000004)
(20.24, 29.0)
(20.28, 29.0)
(20.319999999999997, 29.0)
(20.36, 29.0)
(20.4, 29.0)
(20.44, 29.0)
(20.48, 29.0)
(20.52, 29.0)
(20.560000000000002, 29.0)
(20.6, 29.0)
(20.64, 29.0)
(20.68, 29.0)
(20.72, 29.0)
(20.76, 29.0)
(20.8, 29.0)
(20.84, 29.0)
(20.88, 29.0)
(20.919999999999998, 29.0)
(20.96, 29.0)
(21, 29)
(21.0, 29.0)
(21.04, 29.0)
(21.080000000000002, 29.0)
(21.12, 29.0)
(21.16, 29.0)
(21.200000000000003, 29.000000000000004)
(21.240000000000002, 29.0)
(21.28, 29.0)
(21.32, 29.0)
(21.36, 29.0)
(21.4, 29.0)
(21.44, 29.0)
(21.479999999999997, 29.0)
(21.520000000000003, 29.0)
(21.56, 29.0)
(21.6, 29.0)
(21.64, 29.0)
(21.68, 29.0)
(21.72, 29.0)
(21.759999999999998, 29.0)
(21.8, 29.0)
(21.84, 29.0)
(21.88, 29.0)
(21.92, 29.0)
(21.959999999999997, 29.0)
(22, 29)
(22.0, 29.0)
(22.04, 29.0)
(22.080000000000002, 29.0)
(22.119999999999997, 29.0)
(22.16, 29.0)
(22.200000000000003, 29.000000000000004)
(22.24, 29.0)
(22.28, 29.0)
(22.32, 29.0)
(22.36, 29.0)
(22.4, 29.0)
(22.439999999999998, 29.0)
(22.48, 29.0)
(22.52, 29.0)
(22.560000000000002, 29.0)
(22.6, 29.0)
(22.64, 29.0)
(22.68, 29.0)
(22.72, 29.0)
(22.759999999999998, 29.0)
(22.8, 29.0)
(22.84, 29.0)
(22.88, 29.0)
(22.919999999999998, 29.0)
(22.96, 29.0)
(23, 29)
(23.0, 29.0)
(23.04, 29.0)
(23.08, 29.0)
(23.119999999999997, 29.0)
(23.16, 29.0)
(23.200000000000003, 29.000000000000004)
(23.240000000000002, 29.0)
(23.28, 29.0)
(23.32, 29.0)
(23.36, 29.0)
(23.4, 29.0)
(23.44, 29.0)
(23.48, 29.0)
(23.52, 29.0)
(23.560000000000002, 29.0)
(23.6, 29.0)
(23.64, 29.0)
(23.68, 29.0)
(23.720000000000002, 29.0)
(23.76, 29.0)
(23.8, 29.0)
(23.84, 29.0)
(23.880000000000003, 29.0)
(23.92, 29.0)
(23.96, 29.0)
(24, 29)
(24.0, 29.0)
(24.04, 28.96)
(24.080000000000002, 28.92)
(24.12, 28.88)
(24.16, 28.84)
(24.200000000000003, 28.800000000000004)
(24.240000000000002, 28.759999999999998)
(24.28, 28.72)
(24.32, 28.68)
(24.36, 28.64)
(24.4, 28.6)
(24.44, 28.560000000000002)
(24.48, 28.52)
(24.52, 28.48)
(24.560000000000002, 28.439999999999998)
(24.6, 28.400000000000002)
(24.64, 28.36)
(24.68, 28.32)
(24.72, 28.28)
(24.759999999999998, 28.240000000000002)
(24.799999999999997, 28.200000000000003)
(24.84, 28.16)
(24.88, 28.12)
(24.919999999999998, 28.080000000000002)
(24.96, 28.04)
(25, 28)
(25.0, 28.0)
(25.04, 28.0)
(25.08, 28.0)
(25.12, 28.0)
(25.16, 28.0)
(25.2, 28.000000000000004)
(25.240000000000002, 28.0)
(25.28, 28.0)
(25.32, 28.0)
(25.36, 28.0)
(25.4, 28.0)
(25.44, 28.0)
(25.48, 28.0)
(25.52, 28.0)
(25.560000000000002, 28.0)
(25.6, 28.0)
(25.64, 28.0)
(25.68, 28.0)
(25.72, 28.0)
(25.76, 28.0)
(25.8, 28.0)
(25.84, 28.0)
(25.88, 28.0)
(25.92, 28.0)
(25.96, 28.0)
(26, 28)
(26.0, 28.0)
(26.04, 27.96)
(26.080000000000002, 27.92)
(26.119999999999997, 27.88)
(26.16, 27.84)
(26.200000000000003, 27.800000000000004)
(26.240000000000002, 27.76)
(26.28, 27.72)
(26.32, 27.68)
(26.36, 27.64)
(26.4, 27.6)
(26.440000000000005, 27.560000000000002)
(26.479999999999997, 27.52)
(26.520000000000003, 27.48)
(26.56, 27.439999999999998)
(26.6, 27.4)
(26.64, 27.36)
(26.68, 27.32)
(26.72, 27.279999999999998)
(26.759999999999998, 27.24)
(26.8, 27.2)
(26.84, 27.16)
(26.880000000000003, 27.12)
(26.919999999999998, 27.08)
(26.96, 27.04)
(27, 27)
(27.0, 27.0)
(27.04, 26.959999999999997)
(27.08, 26.92)
(27.12, 26.880000000000003)
(27.16, 26.84)
(27.200000000000003, 26.8)
(27.24, 26.759999999999998)
(27.279999999999998, 26.72)
(27.32, 26.68)
(27.36, 26.64)
(27.4, 26.6)
(27.44, 26.560000000000002)
(27.48, 26.520000000000003)
(27.52, 26.479999999999997)
(27.560000000000002, 26.44)
(27.6, 26.4)
(27.64, 26.36)
(27.68, 26.32)
(27.72, 26.28)
(27.76, 26.240000000000002)
(27.8, 26.2)
(27.84, 26.16)
(27.88, 26.119999999999997)
(27.92, 26.080000000000002)
(27.96, 26.040000000000003)
(28, 26)
(28.0, 26.0)
(28.0, 25.96)
(28.0, 25.92)
(28.0, 25.88)
(28.0, 25.84)
(28.000000000000004, 25.8)
(28.0, 25.76)
(28.0, 25.72)
(28.0, 25.68)
(28.0, 25.64)
(28.0, 25.6)
(28.0, 25.560000000000002)
(28.0, 25.52)
(28.0, 25.48)
(28.0, 25.439999999999998)
(28.0, 25.4)
(28.0, 25.36)
(28.0, 25.32)
(28.0, 25.28)
(28.0, 25.240000000000002)
(28.0, 25.2)
(28.0, 25.16)
(28.0, 25.12)
(28.0, 25.08)
(28.0, 25.04)
(28, 25)
(28.0, 25.0)
(28.0, 24.96)
(28.0, 24.92)
(28.0, 24.88)
(28.0, 24.84)
(28.000000000000004, 24.8)
(28.0, 24.759999999999998)
(28.0, 24.72)
(28.0, 24.68)
(28.0, 24.64)
(28.0, 24.6)
(28.0, 24.560000000000002)
(28.0, 24.52)
(28.0, 24.48)
(28.0, 24.439999999999998)
(28.0, 24.4)
(28.0, 24.36)
(28.0, 24.32)
(28.0, 24.28)
(28.0, 24.240000000000002)
(28.0, 24.200000000000003)
(28.0, 24.16)
(28.0, 24.12)
(28.0, 24.080000000000002)
(28.0, 24.04)
(28, 24)
(28.0, 24.0)
(28.0, 23.96)
(28.0, 23.92)
(28.0, 23.880000000000003)
(28.0, 23.84)
(28.000000000000004, 23.800000000000004)
(28.0, 23.76)
(28.0, 23.720000000000002)
(28.0, 23.68)
(28.0, 23.64)
(28.0, 23.6)
(28.0, 23.560000000000002)
(28.0, 23.52)
(28.0, 23.48)
(28.0, 23.439999999999998)
(28.0, 23.4)
(28.0, 23.36)
(28.0, 23.32)
(28.0, 23.28)
(28.0, 23.240000000000002)
(28.0, 23.200000000000003)
(28.0, 23.16)
(28.0, 23.119999999999997)
(28.0, 23.08)
(28.0, 23.04)
(28, 23)
(28.0, 23.0)
(27.96, 22.959999999999997)
(27.92, 22.92)
(27.88, 22.88)
(27.84, 22.84)
(27.800000000000004, 22.800000000000004)
(27.76, 22.759999999999998)
(27.72, 22.72)
(27.68, 22.68)
(27.64, 22.64)
(27.6, 22.6)
(27.560000000000002, 22.560000000000002)
(27.52, 22.52)
(27.48, 22.48)
(27.439999999999998, 22.439999999999998)
(27.4, 22.4)
(27.36, 22.36)
(27.32, 22.32)
(27.279999999999998, 22.28)
(27.24, 22.24)
(27.2, 22.2)
(27.16, 22.16)
(27.12, 22.119999999999997)
(27.08, 22.080000000000002)
(27.04, 22.04)
(27, 22)
(27.0, 22.0)
(27.0, 21.959999999999997)
(27.0, 21.92)
(27.0, 21.88)
(27.0, 21.84)
(27.0, 21.8)
(27.0, 21.759999999999998)
(27.0, 21.72)
(27.0, 21.68)
(27.0, 21.64)
(27.0, 21.6)
(27.0, 21.560000000000002)
(27.0, 21.520000000000003)
(27.0, 21.479999999999997)
(27.0, 21.44)
(27.0, 21.4)
(27.0, 21.36)
(27.0, 21.32)
(27.0, 21.28)
(27.0, 21.240000000000002)
(27.0, 21.2)
(27.0, 21.16)
(27.0, 21.12)
(27.0, 21.08)
(27.0, 21.04)
(27, 21)
(27.0, 21.0)
(27.0, 20.96)
(27.0, 20.92)
(27.0, 20.88)
(27.0, 20.84)
(27.0, 20.8)
(27.0, 20.76)
(27.0, 20.72)
(27.0, 20.68)
(27.0, 20.64)
(27.0, 20.6)
(27.0, 20.560000000000002)
(27.0, 20.52)
(27.0, 20.48)
(27.0, 20.439999999999998)
(27.0, 20.4)
(27.0, 20.36)
(27.0, 20.32)
(27.0, 20.28)
(27.0, 20.24)
(27.0, 20.2)
(27.0, 20.16)
(27.0, 20.12)
(27.0, 20.080000000000002)
(27.0, 20.04)
(27, 20)
(27.0, 20.0)
(27.0, 19.96)
(27.0, 19.92)
(27.0, 19.880000000000003)
(27.0, 19.84)
(27.0, 19.8)
(27.0, 19.759999999999998)
(27.0, 19.72)
(27.0, 19.68)
(27.0, 19.64)
(27.0, 19.6)
(27.0, 19.560000000000002)
(27.0, 19.52)
(27.0, 19.48)
(27.0, 19.439999999999998)
(27.0, 19.4)
(27.0, 19.36)
(27.0, 19.32)
(27.0, 19.28)
(27.0, 19.24)
(27.0, 19.2)
(27.0, 19.16)
(27.0, 19.119999999999997)
(27.0, 19.08)
(27.0, 19.04)
(27, 19)
(27.0, 19.0)
(27.0, 18.959999999999997)
(27.0, 18.92)
(27.0, 18.88)
(27.0, 18.84)
(27.0, 18.8)
(27.0, 18.759999999999998)
(27.0, 18.72)
(27.0, 18.68)
(27.0, 18.64)
(27.0, 18.6)
(27.0, 18.560000000000002)
(27.0, 18.520000000000003)
(27.0, 18.479999999999997)
(27.0, 18.44)
(27.0, 18.4)
(27.0, 18.36)
(27.0, 18.32)
(27.0, 18.28)
(27.0, 18.24)
(27.0, 18.2)
(27.0, 18.16)
(27.0, 18.12)
(27.0, 18.080000000000002)
(27.0, 18.040000000000003)
(27, 18)
(27.0, 18.0)
(27.04, 17.96)
(27.08, 17.92)
(27.12, 17.88)
(27.16, 17.84)
(27.200000000000003, 17.8)
(27.24, 17.759999999999998)
(27.279999999999998, 17.72)
(27.32, 17.68)
(27.36, 17.64)
(27.4, 17.6)
(27.44, 17.560000000000002)
(27.48, 17.52)
(27.52, 17.48)
(27.560000000000002, 17.44)
(27.6, 17.4)
(27.64, 17.36)
(27.68, 17.32)
(27.72, 17.28)
(27.76, 17.240000000000002)
(27.8, 17.2)
(27.84, 17.16)
(27.88, 17.12)
(27.92, 17.08)
(27.96, 17.04)
(28, 17)
(28.0, 17.0)
(28.0, 16.96)
(28.0, 16.92)
(28.0, 16.880000000000003)
(28.0, 16.84)
(28.000000000000004, 16.8)
(28.0, 16.759999999999998)
(28.0, 16.72)
(28.0, 16.68)
(28.0, 16.64)
(28.0, 16.6)
(28.0, 16.560000000000002)
(28.0, 16.52)
(28.0, 16.48)
(28.0, 16.439999999999998)
(28.0, 16.4)
(28.0, 16.36)
(28.0, 16.32)
(28.0, 16.28)
(28.0, 16.240000000000002)
(28.0, 16.2)
(28.0, 16.16)
(28.0, 16.12)
(28.0, 16.08)
(28.0, 16.04)
(28, 16)
(28.0, 16.0)
(28.0, 15.959999999999999)
(28.0, 15.92)
(28.0, 15.879999999999999)
(28.0, 15.84)
(28.000000000000004, 15.8)
(28.0, 15.76)
(28.0, 15.719999999999999)
(28.0, 15.68)
(28.0, 15.64)
(28.0, 15.6)
(28.0, 15.56)
(28.0, 15.52)
(28.0, 15.48)
(28.0, 15.44)
(28.0, 15.4)
(28.0, 15.36)
(28.0, 15.32)
(28.0, 15.28)
(28.0, 15.24)
(28.0, 15.2)
(28.0, 15.16)
(28.0, 15.12)
(28.0, 15.08)
(28.0, 15.04)
(28, 15)
(28.0, 15.0)
(28.04, 14.959999999999999)
(28.080000000000002, 14.920000000000002)
(28.12, 14.879999999999999)
(28.16, 14.84)
(28.200000000000003, 14.8)
(28.240000000000002, 14.76)
(28.28, 14.719999999999999)
(28.32, 14.68)
(28.36, 14.64)
(28.400000000000002, 14.600000000000001)
(28.44, 14.56)
(28.48, 14.52)
(28.52, 14.48)
(28.560000000000002, 14.440000000000001)
(28.6, 14.4)
(28.64, 14.36)
(28.68, 14.32)
(28.72, 14.280000000000001)
(28.759999999999998, 14.24)
(28.8, 14.2)
(28.84, 14.16)
(28.88, 14.120000000000001)
(28.919999999999998, 14.08)
(28.96, 14.04)
(29, 14)
(29.0, 14.0)
(29.0, 13.959999999999999)
(29.0, 13.920000000000002)
(29.0, 13.88)
(29.0, 13.84)
(29.000000000000004, 13.8)
(29.0, 13.760000000000002)
(29.0, 13.72)
(29.0, 13.68)
(29.0, 13.64)
(29.0, 13.600000000000001)
(29.0, 13.56)
(29.0, 13.52)
(29.0, 13.48)
(29.0, 13.440000000000001)
(29.0, 13.4)
(29.0, 13.36)
(29.0, 13.32)
(29.0, 13.28)
(29.0, 13.24)
(29.0, 13.2)
(29.0, 13.16)
(29.0, 13.12)
(29.0, 13.08)
(29.0, 13.040000000000001)
(29, 13)
(29.0, 13.0)
(29.04, 12.96)
(29.08, 12.920000000000002)
(29.119999999999997, 12.879999999999999)
(29.16, 12.84)
(29.200000000000003, 12.8)
(29.24, 12.760000000000002)
(29.28, 12.719999999999999)
(29.32, 12.68)
(29.36, 12.64)
(29.4, 12.600000000000001)
(29.44, 12.560000000000002)
(29.479999999999997, 12.52)
(29.520000000000003, 12.48)
(29.56, 12.44)
(29.6, 12.399999999999999)
(29.64, 12.36)
(29.68, 12.32)
(29.72, 12.280000000000001)
(29.76, 12.240000000000002)
(29.799999999999997, 12.200000000000001)
(29.84, 12.16)
(29.88, 12.120000000000001)
(29.92, 12.08)
(29.959999999999997, 12.04)
(30, 12)
(30.0, 12.0)
(30.039999999999996, 11.959999999999999)
(30.080000000000002, 11.920000000000002)
(30.119999999999997, 11.88)
(30.16, 11.84)
(30.2, 11.8)
(30.240000000000002, 11.760000000000002)
(30.28, 11.72)
(30.32, 11.68)
(30.36, 11.64)
(30.4, 11.6)
(30.44, 11.56)
(30.48, 11.52)
(30.52, 11.48)
(30.560000000000002, 11.44)
(30.599999999999998, 11.4)
(30.64, 11.36)
(30.68, 11.32)
(30.72, 11.280000000000001)
(30.759999999999998, 11.239999999999998)
(30.799999999999997, 11.2)
(30.84, 11.16)
(30.880000000000003, 11.12)
(30.919999999999998, 11.08)
(30.96, 11.04)
(31, 11)
(31.0, 11.0)
(31.04, 10.999999999999998)
(31.08, 11.000000000000002)
(31.12, 11.0)
(31.16, 11.0)
(31.200000000000003, 11.0)
(31.24, 11.0)
(31.28, 11.0)
(31.32, 11.0)
(31.36, 11.0)
(31.4, 11.0)
(31.440000000000005, 11.0)
(31.48, 11.0)
(31.52, 11.0)
(31.560000000000002, 11.0)
(31.6, 11.0)
(31.64, 11.0)
(31.68, 11.0)
(31.72, 11.0)
(31.759999999999998, 11.0)
(31.8, 11.0)
(31.84, 11.0)
(31.88, 11.0)
(31.92, 11.0)
(31.96, 11.0)
(32, 11)
(32.0, 11.0)
(32.04, 10.959999999999999)
(32.08, 10.920000000000002)
(32.12, 10.879999999999999)
(32.16, 10.84)
(32.2, 10.8)
(32.24, 10.76)
(32.28, 10.72)
(32.32, 10.68)
(32.36, 10.64)
(32.4, 10.6)
(32.44, 10.56)
(32.480000000000004, 10.52)
(32.519999999999996, 10.48)
(32.56, 10.440000000000001)
(32.6, 10.4)
(32.64, 10.36)
(32.68, 10.32)
(32.72, 10.28)
(32.760000000000005, 10.239999999999998)
(32.8, 10.2)
(32.84, 10.16)
(32.879999999999995, 10.120000000000001)
(32.92, 10.08)
(32.96, 10.04)
(33, 10)
(33.0, 10.0)
(33.04, 10.0)
(33.080000000000005, 10.000000000000002)
(33.12, 10.0)
(33.16, 10.0)
(33.2, 10.0)
(33.24, 10.0)
(33.28, 10.0)
(33.32, 10.0)
(33.36, 10.0)
(33.400000000000006, 10.0)
(33.44, 10.0)
(33.480000000000004, 10.0)
(33.519999999999996, 10.0)
(33.56, 10.0)
(33.6, 10.0)
(33.64, 10.0)
(33.68, 10.0)
(33.72, 10.0)
(33.76, 10.0)
(33.800000000000004, 10.0)
(33.84, 10.0)
(33.88, 10.0)
(33.92, 10.0)
(33.96, 10.0)
(34, 10)
(34.0, 10.0)
(34.04, 10.0)
(34.08, 10.000000000000002)
(34.120000000000005, 10.0)
(34.16, 10.0)
(34.2, 10.0)
(34.24, 10.0)
(34.28, 10.0)
(34.32, 10.0)
(34.36, 10.0)
(34.4, 10.0)
(34.440000000000005, 10.0)
(34.480000000000004, 10.0)
(34.519999999999996, 10.0)
(34.56, 10.0)
(34.6, 10.0)
(34.64, 10.0)
(34.68, 10.0)
(34.72, 10.0)
(34.760000000000005, 10.0)
(34.8, 10.0)
(34.84, 10.0)
(34.88, 10.0)
(34.92, 10.0)
(34.96, 10.0)
(35, 10)
(35.0, 10.0)
(35.04, 10.04)
(35.080000000000005, 10.080000000000002)
(35.120000000000005, 10.120000000000001)
(35.16, 10.16)
(35.2, 10.2)
(35.24, 10.239999999999998)
(35.28, 10.28)
(35.31999999999999, 10.319999999999999)
(35.36, 10.36)
(35.4, 10.4)
(35.44, 10.440000000000001)
(35.480000000000004, 10.48)
(35.519999999999996, 10.52)
(35.56, 10.559999999999999)
(35.599999999999994, 10.6)
(35.64, 10.64)
(35.68, 10.68)
(35.72, 10.72)
(35.76, 10.76)
(35.8, 10.8)
(35.84, 10.84)
(35.88, 10.879999999999999)
(35.92, 10.92)
(35.96, 10.959999999999999)
(36, 11)
(36.0, 11.0)
(36.04, 11.04)
(36.080000000000005, 11.080000000000002)
(36.12, 11.12)
(36.16, 11.16)
(36.2, 11.200000000000001)
(36.239999999999995, 11.239999999999998)
(36.28, 11.280000000000001)
(36.31999999999999, 11.32)
(36.36, 11.36)
(36.4, 11.4)
(36.440000000000005, 11.440000000000001)
(36.48, 11.48)
(36.52, 11.52)
(36.56, 11.56)
(36.6, 11.6)
(36.64, 11.64)
(36.68, 11.68)
(36.72, 11.72)
(36.760000000000005, 11.760000000000002)
(36.8, 11.8)
(36.84, 11.84)
(36.88, 11.88)
(36.919999999999995, 11.92)
(36.959999999999994, 11.96)
(37, 12)
(37.0, 12.0)
(36.99999999999999, 12.04)
(37.0, 12.080000000000002)
(37.0, 12.120000000000001)
(37.0, 12.16)
(37.0, 12.200000000000001)
(37.0, 12.240000000000002)
(37.0, 12.280000000000001)
(37.0, 12.32)
(37.0, 12.36)
(37.0, 12.399999999999999)
(37.0, 12.440000000000001)
(37.0, 12.48)
(37.0, 12.52)
(37.0, 12.56)
(37.0, 12.600000000000001)
(37.0, 12.64)
(37.0, 12.68)
(37.0, 12.719999999999999)
(37.0, 12.760000000000002)
(37.0, 12.8)
(37.0, 12.84)
(37.0, 12.879999999999999)
(37.0, 12.92)
(37.0, 12.96)
(37, 13)
(37.0, 13.0)
(36.99999999999999, 13.040000000000001)
(37.0, 13.080000000000002)
(37.0, 13.12)
(37.0, 13.16)
(37.0, 13.200000000000001)
(37.0, 13.24)
(37.0, 13.28)
(37.0, 13.32)
(37.0, 13.36)
(37.0, 13.4)
(37.0, 13.440000000000001)
(37.0, 13.48)
(37.0, 13.52)
(37.0, 13.559999999999999)
(37.0, 13.600000000000001)
(37.0, 13.64)
(37.0, 13.68)
(37.0, 13.72)
(37.0, 13.760000000000002)
(37.0, 13.8)
(37.0, 13.84)
(37.0, 13.88)
(37.0, 13.92)
(37.0, 13.96)
(37, 14)
(37.0, 14.0)
(36.959999999999994, 14.04)
(36.92, 14.08)
(36.88, 14.120000000000001)
(36.839999999999996, 14.16)
(36.800000000000004, 14.200000000000001)
(36.760000000000005, 14.24)
(36.72, 14.280000000000001)
(36.67999999999999, 14.32)
(36.64, 14.36)
(36.6, 14.4)
(36.56, 14.440000000000001)
(36.52, 14.48)
(36.48, 14.52)
(36.44, 14.559999999999999)
(36.4, 14.600000000000001)
(36.36, 14.64)
(36.32, 14.68)
(36.28, 14.719999999999999)
(36.239999999999995, 14.76)
(36.2, 14.799999999999999)
(36.16, 14.84)
(36.12, 14.879999999999999)
(36.080000000000005, 14.92)
(36.040000000000006, 14.959999999999999)
(36, 15)
(36.0, 15.0)
(36.0, 15.04)
(36.00000000000001, 15.08)
(36.0, 15.12)
(36.0, 15.16)
(36.0, 15.2)
(36.0, 15.24)
(36.0, 15.28)
(36.0, 15.32)
(36.0, 15.36)
(36.0, 15.4)
(36.0, 15.440000000000001)
(36.0, 15.48)
(36.0, 15.52)
(36.0, 15.56)
(36.0, 15.6)
(36.0, 15.64)
(36.0, 15.68)
(36.0, 15.719999999999999)
(36.0, 15.76)
(36.0, 15.8)
(36.0, 15.84)
(36.0, 15.879999999999999)
(36.0, 15.92)
(36.0, 15.96)
(36, 16)
(36.0, 16.0)
(35.96, 16.04)
(35.92, 16.080000000000002)
(35.88, 16.12)
(35.839999999999996, 16.16)
(35.8, 16.200000000000003)
(35.76, 16.240000000000002)
(35.72, 16.28)
(35.68, 16.32)
(35.64, 16.36)
(35.599999999999994, 16.4)
(35.56, 16.44)
(35.519999999999996, 16.48)
(35.480000000000004, 16.52)
(35.44, 16.560000000000002)
(35.4, 16.6)
(35.36, 16.64)
(35.32, 16.68)
(35.28, 16.72)
(35.24, 16.759999999999998)
(35.199999999999996, 16.8)
(35.16, 16.84)
(35.120000000000005, 16.880000000000003)
(35.08, 16.92)
(35.040000000000006, 16.96)
(35, 17)
(35.0, 17.0)
(35.0, 17.04)
(35.0, 17.080000000000002)
(35.0, 17.12)
(35.0, 17.16)
(35.0, 17.200000000000003)
(35.0, 17.240000000000002)
(35.0, 17.28)
(35.0, 17.32)
(35.0, 17.36)
(35.0, 17.4)
(35.0, 17.44)
(35.0, 17.48)
(35.0, 17.52)
(35.0, 17.560000000000002)
(35.0, 17.6)
(35.0, 17.64)
(35.0, 17.68)
(35.0, 17.72)
(35.0, 17.759999999999998)
(35.0, 17.8)
(35.0, 17.84)
(35.0, 17.88)
(35.0, 17.92)
(35.0, 17.96)
(35, 18)
(35.0, 18.0)
(35.0, 18.040000000000003)
(35.0, 18.080000000000002)
(35.0, 18.12)
(35.0, 18.16)
(35.0, 18.2)
(35.0, 18.24)
(35.0, 18.28)
(35.0, 18.32)
(35.0, 18.36)
(35.0, 18.4)
(35.0, 18.44)
(35.0, 18.479999999999997)
(35.0, 18.520000000000003)
(35.0, 18.56)
(35.0, 18.6)
(35.0, 18.64)
(35.0, 18.68)
(35.0, 18.72)
(35.0, 18.759999999999998)
(35.0, 18.8)
(35.0, 18.84)
(35.0, 18.88)
(35.0, 18.919999999999998)
(35.0, 18.96)
(35, 19)
(35.0, 19.0)
(35.0, 19.04)
(35.0, 19.080000000000002)
(35.0, 19.119999999999997)
(35.0, 19.16)
(35.0, 19.200000000000003)
(35.0, 19.24)
(35.0, 19.28)
(35.0, 19.32)
(35.0, 19.36)
(35.0, 19.4)
(35.0, 19.44)
(35.0, 19.48)
(35.0, 19.52)
(35.0, 19.560000000000002)
(35.0, 19.6)
(35.0, 19.64)
(35.0, 19.68)
(35.0, 19.72)
(35.0, 19.759999999999998)
(35.0, 19.799999999999997)
(35.0, 19.84)
(35.0, 19.880000000000003)
(35.0, 19.92)
(35.0, 19.96)
(35, 20)
(35.0, 20.0)
(35.0, 20.04)
(35.0, 20.080000000000002)
(35.0, 20.12)
(35.0, 20.16)
(35.0, 20.2)
(35.0, 20.24)
(35.0, 20.28)
(35.0, 20.319999999999997)
(35.0, 20.36)
(35.0, 20.4)
(35.0, 20.44)
(35.0, 20.48)
(35.0, 20.52)
(35.0, 20.560000000000002)
(35.0, 20.6)
(35.0, 20.64)
(35.0, 20.68)
(35.0, 20.72)
(35.0, 20.76)
(35.0, 20.8)
(35.0, 20.84)
(35.0, 20.88)
(35.0, 20.919999999999998)
(35.0, 20.96)
(35, 21)
(35.0, 21.0)
(35.0, 21.04)
(35.0, 21.080000000000002)
(35.0, 21.12)
(35.0, 21.16)
(35.0, 21.200000000000003)
(35.0, 21.240000000000002)
(35.0, 21.28)
(35.0, 21.32)
(35.0, 21.36)
(35.0, 21.4)
(35.0, 21.44)
(35.0, 21.479999999999997)
(35.0, 21.520000000000003)
(35.0, 21.56)
(35.0, 21.6)
(35.0, 21.64)
(35.0, 21.68)
(35.0, 21.72)
(35.0, 21.759999999999998)
(35.0, 21.8)
(35.0, 21.84)
(35.0, 21.88)
(35.0, 21.92)
(35.0, 21.959999999999997)
(35, 22)
(35.0, 22.0)
(35.0, 22.04)
(35.0, 22.080000000000002)
(35.0, 22.119999999999997)
(35.0, 22.16)
(35.0, 22.200000000000003)
(35.0, 22.24)
(35.0, 22.28)
(35.0, 22.32)
(35.0, 22.36)
(35.0, 22.4)
(35.0, 22.439999999999998)
(35.0, 22.48)
(35.0, 22.52)
(35.0, 22.560000000000002)
(35.0, 22.6)
(35.0, 22.64)
(35.0, 22.68)
(35.0, 22.72)
(35.0, 22.759999999999998)
(35.0, 22.8)
(35.0, 22.84)
(35.0, 22.88)
(35.0, 22.919999999999998)
(35.0, 22.96)
(35, 23)
(35.0, 23.0)
(35.0, 23.04)
(35.0, 23.08)
(35.0, 23.119999999999997)
(35.0, 23.16)
(35.0, 23.200000000000003)
(35.0, 23.240000000000002)
(35.0, 23.28)
(35.0, 23.32)
(35.0, 23.36)
(35.0, 23.4)
(35.0, 23.44)
(35.0, 23.48)
(35.0, 23.52)
(35.0, 23.560000000000002)
(35.0, 23.6)
(35.0, 23.64)
(35.0, 23.68)
(35.0, 23.720000000000002)
(35.0, 23.76)
(35.0, 23.8)
(35.0, 23.84)
(35.0, 23.880000000000003)
(35.0, 23.92)
(35.0, 23.96)
(35, 24)
(35.0, 24.0)
(35.0, 24.04)
(35.0, 24.080000000000002)
(35.0, 24.12)
(35.0, 24.16)
(35.0, 24.200000000000003)
(35.0, 24.240000000000002)
(35.0, 24.28)
(35.0, 24.32)
(35.0, 24.36)
(35.0, 24.4)
(35.0, 24.44)
(35.0, 24.48)
(35.0, 24.52)
(35.0, 24.560000000000002)
(35.0, 24.6)
(35.0, 24.64)
(35.0, 24.68)
(35.0, 24.72)
(35.0, 24.759999999999998)
(35.0, 24.799999999999997)
(35.0, 24.84)
(35.0, 24.88)
(35.0, 24.919999999999998)
(35.0, 24.96)
(35, 25)
(35.0, 25.0)
(35.04, 25.04)
(35.080000000000005, 25.08)
(35.120000000000005, 25.12)
(35.16, 25.16)
(35.2, 25.2)
(35.24, 25.240000000000002)
(35.28, 25.28)
(35.31999999999999, 25.32)
(35.36, 25.36)
(35.4, 25.4)
(35.44, 25.44)
(35.480000000000004, 25.48)
(35.519999999999996, 25.52)
(35.56, 25.560000000000002)
(35.599999999999994, 25.6)
(35.64, 25.64)
(35.68, 25.68)
(35.72, 25.72)
(35.76, 25.76)
(35.8, 25.8)
(35.84, 25.84)
(35.88, 25.88)
(35.92, 25.92)
(35.96, 25.96)
(36, 26)
(36.0, 26.0)
(36.0, 26.04)
(36.00000000000001, 26.080000000000002)
(36.0, 26.119999999999997)
(36.0, 26.16)
(36.0, 26.200000000000003)
(36.0, 26.240000000000002)
(36.0, 26.28)
(36.0, 26.32)
(36.0, 26.36)
(36.0, 26.4)
(36.0, 26.440000000000005)
(36.0, 26.479999999999997)
(36.0, 26.520000000000003)
(36.0, 26.56)
(36.0, 26.6)
(36.0, 26.64)
(36.0, 26.68)
(36.0, 26.72)
(36.0, 26.759999999999998)
(36.0, 26.8)
(36.0, 26.84)
(36.0, 26.880000000000003)
(36.0, 26.919999999999998)
(36.0, 26.96)
(36, 27)
(36.0, 27.0)
(36.04, 27.04)
(36.080000000000005, 27.08)
(36.12, 27.12)
(36.16, 27.16)
(36.2, 27.200000000000003)
(36.239999999999995, 27.24)
(36.28, 27.279999999999998)
(36.31999999999999, 27.32)
(36.36, 27.36)
(36.4, 27.4)
(36.440000000000005, 27.44)
(36.48, 27.48)
(36.52, 27.52)
(36.56, 27.560000000000002)
(36.6, 27.6)
(36.64, 27.64)
(36.68, 27.68)
(36.72, 27.72)
(36.760000000000005, 27.76)
(36.8, 27.8)
(36.84, 27.84)
(36.88, 27.88)
(36.919999999999995, 27.92)
(36.959999999999994, 27.96)
(37, 28)
(37.0, 28.0)
(37.04, 28.04)
(37.08, 28.080000000000002)
(37.120000000000005, 28.12)
(37.16, 28.16)
(37.2, 28.200000000000003)
(37.24, 28.240000000000002)
(37.28, 28.28)
(37.31999999999999, 28.32)
(37.36, 28.36)
(37.4, 28.400000000000002)
(37.44, 28.44)
(37.480000000000004, 28.48)
(37.519999999999996, 28.52)
(37.56, 28.560000000000002)
(37.6, 28.6)
(37.64, 28.64)
(37.68, 28.68)
(37.72, 28.72)
(37.76, 28.759999999999998)
(37.8, 28.8)
(37.839999999999996, 28.84)
(37.879999999999995, 28.88)
(37.92, 28.919999999999998)
(37.96, 28.96)
(38, 29)
(38.0, 29.0)
(38.04, 29.0)
(38.08, 29.0)
(38.12, 29.0)
(38.16, 29.0)
(38.2, 29.000000000000004)
(38.239999999999995, 29.0)
(38.28, 29.0)
(38.31999999999999, 29.0)
(38.36, 29.0)
(38.400000000000006, 29.0)
(38.44, 29.0)
(38.480000000000004, 29.0)
(38.519999999999996, 29.0)
(38.56, 29.0)
(38.6, 29.0)
(38.64, 29.0)
(38.68, 29.0)
(38.72, 29.0)
(38.76, 29.0)
(38.8, 29.0)
(38.839999999999996, 29.0)
(38.88, 29.0)
(38.92, 29.0)
(38.96, 29.0)
(39, 29)
(39.0, 29.0)
(39.04, 29.0)
(39.080000000000005, 29.0)
(39.12, 29.0)
(39.16, 29.0)
(39.2, 29.000000000000004)
(39.24, 29.0)
(39.28, 29.0)
(39.31999999999999, 29.0)
(39.36, 29.0)
(39.4, 29.0)
(39.440000000000005, 29.0)
(39.480000000000004, 29.0)
(39.519999999999996, 29.0)
(39.56, 29.0)
(39.6, 29.0)
(39.64, 29.0)
(39.68, 29.0)
(39.72, 29.0)
(39.76, 29.0)
(39.8, 29.0)
(39.84, 29.0)
(39.88, 29.0)
(39.92, 29.0)
(39.96, 29.0)
(40, 29)
(40.0, 29.0)
(40.04, 28.96)
(40.080000000000005, 28.92)
(40.120000000000005, 28.88)
(40.160000000000004, 28.84)
(40.2, 28.800000000000004)
(40.239999999999995, 28.759999999999998)
(40.28, 28.72)
(40.31999999999999, 28.68)
(40.36, 28.64)
(40.400000000000006, 28.6)
(40.44, 28.560000000000002)
(40.480000000000004, 28.52)
(40.519999999999996, 28.48)
(40.56, 28.439999999999998)
(40.599999999999994, 28.400000000000002)
(40.64, 28.36)
(40.68, 28.32)
(40.72, 28.28)
(40.76, 28.240000000000002)
(40.800000000000004, 28.200000000000003)
(40.839999999999996, 28.16)
(40.879999999999995, 28.12)
(40.919999999999995, 28.080000000000002)
(40.96, 28.04)
(41, 28)
(41.0, 28.0)
(41.04, 27.96)
(41.08, 27.92)
(41.12, 27.88)
(41.16, 27.84)
(41.2, 27.800000000000004)
(41.24, 27.76)
(41.28, 27.72)
(41.32, 27.68)
(41.36, 27.64)
(41.4, 27.6)
(41.44, 27.560000000000002)
(41.480000000000004, 27.52)
(41.519999999999996, 27.48)
(41.56, 27.439999999999998)
(41.6, 27.4)
(41.64, 27.36)
(41.68, 27.32)
(41.72, 27.279999999999998)
(41.760000000000005, 27.24)
(41.8, 27.2)
(41.84, 27.16)
(41.88, 27.12)
(41.92, 27.08)
(41.96, 27.04)
(42, 27)
(42.0, 27.0)
(42.0, 26.959999999999997)
(42.0, 26.92)
(42.0, 26.880000000000003)
(42.0, 26.84)
(42.0, 26.8)
(42.0, 26.759999999999998)
(42.0, 26.72)
(42.0, 26.68)
(42.0, 26.64)
(42.0, 26.6)
(42.0, 26.560000000000002)
(42.0, 26.520000000000003)
(42.0, 26.479999999999997)
(42.0, 26.44)
(42.0, 26.4)
(42.0, 26.36)
(42.0, 26.32)
(42.0, 26.28)
(42.0, 26.240000000000002)
(42.0, 26.2)
(42.0, 26.16)
(42.0, 26.119999999999997)
(42.0, 26.080000000000002)
(42.0, 26.040000000000003)
(42, 26)
(42.0, 26.0)
(42.04, 25.96)
(42.08, 25.92)
(42.120000000000005, 25.88)
(42.160000000000004, 25.84)
(42.2, 25.8)
(42.24, 25.76)
(42.28, 25.72)
(42.32, 25.68)
(42.36, 25.64)
(42.4, 25.6)
(42.440000000000005, 25.560000000000002)
(42.480000000000004, 25.52)
(42.519999999999996, 25.48)
(42.56, 25.439999999999998)
(42.6, 25.4)
(42.64, 25.36)
(42.68, 25.32)
(42.72, 25.28)
(42.76, 25.240000000000002)
(42.8, 25.2)
(42.839999999999996, 25.16)
(42.88, 25.12)
(42.92, 25.08)
(42.96, 25.04)
(43, 25)
(43.0, 25.0)
(43.0, 24.96)
(43.0, 24.92)
(43.0, 24.88)
(43.0, 24.84)
(43.0, 24.8)
(43.0, 24.759999999999998)
(43.0, 24.72)
(43.0, 24.68)
(43.0, 24.64)
(43.0, 24.6)
(43.0, 24.560000000000002)
(43.0, 24.52)
(43.0, 24.48)
(43.0, 24.439999999999998)
(43.0, 24.4)
(43.0, 24.36)
(43.0, 24.32)
(43.0, 24.28)
(43.0, 24.240000000000002)
(43.0, 24.200000000000003)
(43.0, 24.16)
(43.0, 24.12)
(43.0, 24.080000000000002)
(43.0, 24.04)
(43, 24)
(43.0, 24.0)
(43.0, 23.96)
(43.0, 23.92)
(43.0, 23.880000000000003)
(43.0, 23.84)
(43.0, 23.800000000000004)
(43.0, 23.76)
(43.0, 23.720000000000002)
(43.0, 23.68)
(43.0, 23.64)
(43.0, 23.6)
(43.0, 23.560000000000002)
(43.0, 23.52)
(43.0, 23.48)
(43.0, 23.439999999999998)
(43.0, 23.4)
(43.0, 23.36)
(43.0, 23.32)
(43.0, 23.28)
(43.0, 23.240000000000002)
(43.0, 23.200000000000003)
(43.0, 23.16)
(43.0, 23.119999999999997)
(43.0, 23.08)
(43.0, 23.04)
(43, 23)
(43.0, 23.0)
(43.0, 22.959999999999997)
(43.0, 22.92)
(43.0, 22.88)
(43.0, 22.84)
(43.0, 22.800000000000004)
(43.0, 22.759999999999998)
(43.0, 22.72)
(43.0, 22.68)
(43.0, 22.64)
(43.0, 22.6)
(43.0, 22.560000000000002)
(43.0, 22.52)
(43.0, 22.48)
(43.0, 22.439999999999998)
(43.0, 22.4)
(43.0, 22.36)
(43.0, 22.32)
(43.0, 22.28)
(43.0, 22.24)
(43.0, 22.2)
(43.0, 22.16)
(43.0, 22.119999999999997)
(43.0, 22.080000000000002)
(43.0, 22.04)
(43, 22)
(43.0, 22.0)
(43.0, 21.959999999999997)
(43.0, 21.92)
(43.0, 21.88)
(43.0, 21.84)
(43.0, 21.8)
(43.0, 21.759999999999998)
(43.0, 21.72)
(43.0, 21.68)
(43.0, 21.64)
(43.0, 21.6)
(43.0, 21.560000000000002)
(43.0, 21.520000000000003)
(43.0, 21.479999999999997)
(43.0, 21.44)
(43.0, 21.4)
(43.0, 21.36)
(43.0, 21.32)
(43.0, 21.28)
(43.0, 21.240000000000002)
(43.0, 21.2)
(43.0, 21.16)
(43.0, 21.12)
(43.0, 21.08)
(43.0, 21.04)
(43, 21)
(43.0, 21.0)
(43.0, 20.96)
(43.0, 20.92)
(43.0, 20.88)
(43.0, 20.84)
(43.0, 20.8)
(43.0, 20.76)
(43.0, 20.72)
(43.0, 20.68)
(43.0, 20.64)
(43.0, 20.6)
(43.0, 20.560000000000002)
(43.0, 20.52)
(43.0, 20.48)
(43.0, 20.439999999999998)
(43.0, 20.4)
(43.0, 20.36)
(43.0, 20.32)
(43.0, 20.28)
(43.0, 20.24)
(43.0, 20.2)
(43.0, 20.16)
(43.0, 20.12)
(43.0, 20.080000000000002)
(43.0, 20.04)
(43, 20)
(43.0, 20.0)
(43.0, 19.96)
(43.0, 19.92)
(43.0, 19.880000000000003)
(43.0, 19.84)
(43.0, 19.8)
(43.0, 19.759999999999998)
(43.0, 19.72)
(43.0, 19.68)
(43.0, 19.64)
(43.0, 19.6)
(43.0, 19.560000000000002)
(43.0, 19.52)
(43.0, 19.48)
(43.0, 19.439999999999998)
(43.0, 19.4)
(43.0, 19.36)
(43.0, 19.32)
(43.0, 19.28)
(43.0, 19.24)
(43.0, 19.2)
(43.0, 19.16)
(43.0, 19.119999999999997)
(43.0, 19.08)
(43.0, 19.04)
(43, 19)
(43.0, 19.0)
(43.04, 18.959999999999997)
(43.080000000000005, 18.92)
(43.120000000000005, 18.88)
(43.16, 18.84)
(43.2, 18.8)
(43.239999999999995, 18.759999999999998)
(43.28, 18.72)
(43.32, 18.68)
(43.36, 18.64)
(43.400000000000006, 18.6)
(43.44, 18.560000000000002)
(43.48, 18.520000000000003)
(43.52, 18.479999999999997)
(43.56, 18.44)
(43.599999999999994, 18.4)
(43.64, 18.36)
(43.68, 18.32)
(43.72, 18.28)
(43.76, 18.24)
(43.8, 18.2)
(43.84, 18.16)
(43.879999999999995, 18.12)
(43.92, 18.080000000000002)
(43.959999999999994, 18.040000000000003)
(44, 18)
(44.0, 18.0)
(44.03999999999999, 17.96)
(44.080000000000005, 17.92)
(44.12, 17.88)
(44.160000000000004, 17.84)
(44.2, 17.8)
(44.239999999999995, 17.759999999999998)
(44.28, 17.72)
(44.32, 17.68)
(44.36, 17.64)
(44.4, 17.6)
(44.44, 17.560000000000002)
(44.480000000000004, 17.52)
(44.519999999999996, 17.48)
(44.56, 17.44)
(44.6, 17.4)
(44.64, 17.36)
(44.68, 17.32)
(44.72, 17.28)
(44.760000000000005, 17.240000000000002)
(44.8, 17.2)
(44.839999999999996, 17.16)
(44.88, 17.12)
(44.919999999999995, 17.08)
(44.959999999999994, 17.04)
(45, 17)
(45.0, 17.0)
(45.04, 16.96)
(45.08, 16.92)
(45.120000000000005, 16.880000000000003)
(45.16, 16.84)
(45.2, 16.8)
(45.24, 16.759999999999998)
(45.28, 16.72)
(45.32, 16.68)
(45.36, 16.64)
(45.400000000000006, 16.6)
(45.44, 16.560000000000002)
(45.480000000000004, 16.52)
(45.519999999999996, 16.48)
(45.56, 16.439999999999998)
(45.599999999999994, 16.4)
(45.64, 16.36)
(45.68, 16.32)
(45.72, 16.28)
(45.76, 16.240000000000002)
(45.800000000000004, 16.2)
(45.84, 16.16)
(45.879999999999995, 16.12)
(45.92, 16.08)
(45.96, 16.04)
(46, 16)
(46.0, 16.0)
(46.04, 16.0)
(46.08, 16.0)
(46.12, 16.0)
(46.160000000000004, 16.0)
(46.2, 16.0)
(46.24, 16.0)
(46.28, 16.0)
(46.32, 16.0)
(46.36, 16.0)
(46.4, 16.0)
(46.44, 16.0)
(46.480000000000004, 16.0)
(46.519999999999996, 16.0)
(46.56, 16.0)
(46.6, 16.0)
(46.64, 16.0)
(46.68, 16.0)
(46.72, 16.0)
(46.76, 16.0)
(46.8, 16.0)
(46.839999999999996, 16.0)
(46.879999999999995, 16.0)
(46.92, 16.0)
(46.96, 16.0)
(47, 16)
(47.0, 16.0)
(47.04, 16.0)
(47.08, 16.0)
(47.12, 16.0)
(47.16, 16.0)
(47.2, 16.0)
(47.239999999999995, 16.0)
(47.28, 16.0)
(47.31999999999999, 16.0)
(47.36, 16.0)
(47.400000000000006, 16.0)
(47.440000000000005, 16.0)
(47.480000000000004, 16.0)
(47.519999999999996, 16.0)
(47.56, 16.0)
(47.599999999999994, 16.0)
(47.64, 16.0)
(47.68, 16.0)
(47.720000000000006, 16.0)
(47.760000000000005, 16.0)
(47.800000000000004, 16.0)
(47.84, 16.0)
(47.88, 16.0)
(47.92, 16.0)
(47.96, 16.0)
(48, 16)
(48.0, 16.0)
(48.04, 16.0)
(48.080000000000005, 16.0)
(48.120000000000005, 16.0)
(48.16, 16.0)
(48.2, 16.0)
(48.24, 16.0)
(48.28, 16.0)
(48.32, 16.0)
(48.36, 16.0)
(48.4, 16.0)
(48.44, 16.0)
(48.480000000000004, 16.0)
(48.519999999999996, 16.0)
(48.56, 16.0)
(48.6, 16.0)
(48.64, 16.0)
(48.68, 16.0)
(48.72, 16.0)
(48.760000000000005, 16.0)
(48.8, 16.0)
(48.839999999999996, 16.0)
(48.879999999999995, 16.0)
(48.92, 16.0)
(48.96, 16.0)
(49, 16)
(49.0, 16.0)
(49.04, 16.0)
(49.080000000000005, 16.0)
(49.12, 16.0)
(49.16, 16.0)
(49.2, 16.0)
(49.24, 16.0)
(49.28, 16.0)
(49.32, 16.0)
(49.36, 16.0)
(49.4, 16.0)
(49.44, 16.0)
(49.480000000000004, 16.0)
(49.519999999999996, 16.0)
(49.56, 16.0)
(49.6, 16.0)
(49.64, 16.0)
(49.68, 16.0)
(49.72, 16.0)
(49.76, 16.0)
(49.8, 16.0)
(49.84, 16.0)
(49.88, 16.0)
(49.92, 16.0)
(49.96, 16.0)
(50, 16)
(50.0, 16.0)
(50.04, 16.0)
(50.08, 16.0)
(50.12, 16.0)
(50.16, 16.0)
(50.2, 16.0)
(50.24, 16.0)
(50.28, 16.0)
(50.32, 16.0)
(50.36, 16.0)
(50.400000000000006, 16.0)
(50.440000000000005, 16.0)
(50.480000000000004, 16.0)
(50.519999999999996, 16.0)
(50.56, 16.0)
(50.599999999999994, 16.0)
(50.64, 16.0)
(50.68, 16.0)
(50.72, 16.0)
(50.76, 16.0)
(50.800000000000004, 16.0)
(50.839999999999996, 16.0)
(50.88, 16.0)
(50.92, 16.0)
(50.96, 16.0)
(51, 16)
