(0.0, 640.0)
(0.8, 640.0)
(1.6, 640.0)
(2.4, 640.0)
(3.2, 640.0)
(4.0, 640.0)
(4.8, 640.0)
(5.6000000000000005, 640.0)
(6.4, 640.0)
(7.199999999999999, 640.0)
(8.0, 640.0)
(8.8, 640.0)
(9.6, 640.0)
(10.4, 640.0)
(11.200000000000001, 640.0)
(12.0, 640.0)
(12.8, 640.0)
(13.600000000000001, 640.0)
(14.399999999999999, 640.0)
(15.2, 640.0)
(16.0, 640.0)
(16.8, 640.0)
(17.6, 640.0)
(18.400000000000002, 640.0)
(19.2, 640.0)
(20.0, 640.0)
(20.0, 640.0)
(20.8, 640.0)
(21.6, 640.0)
(22.400000000000002, 640.0)
(23.2, 640.0)
(24.000000000000004, 640.0)
(24.8, 640.0)
(25.6, 640.0)
(26.4, 640.0)
(27.199999999999996, 640.0)
(28.0, 640.0)
(28.799999999999997, 640.0)
(29.6, 640.0)
(30.4, 640.0)
(31.200000000000003, 640.0)
(32.0, 640.0)
(32.800000000000004, 640.0)
(33.6, 640.0)
(34.4, 640.0)
(35.2, 640.0)
(36.0, 640.0)
(36.8, 640.0)
(37.599999999999994, 640.0)
(38.4, 640.0)
(39.2, 640.0)
(40.0, 640.0)
(40.0, 640.0)
(40.8, 640.0)
(41.6, 640.0)
(42.400000000000006, 640.0)
(43.2, 640.0)
(44.0, 640.0)
(44.800000000000004, 640.0)
(45.60000000000001, 640.0)
(46.4, 640.0)
(47.2, 640.0)
(48.00000000000001, 640.0)
(48.80000000000001, 640.0)
(49.6, 640.0)
(50.4, 640.0)
(51.2, 640.0)
(51.99999999999999, 640.0)
(52.8, 640.0)
(53.599999999999994, 640.0)
(54.400000000000006, 640.0)
(55.2, 640.0)
(56.00000000000001, 640.0)
(56.8, 640.0)
(57.599999999999994, 640.0)
(58.4, 640.0)
(59.2, 640.0)
(60.0, 640.0)
(60.0, 640.0)
(60.8, 639.1999999999999)
(61.6, 638.4000000000001)
(62.400000000000006, 637.6)
(63.2, 636.8)
(64.0, 636.0)
(64.80000000000001, 635.1999999999999)
(65.60000000000001, 634.4)
(66.4, 633.6)
(67.2, 632.8)
(68.0, 632.0)
(68.80000000000001, 631.2)
(69.6, 630.4)
(70.4, 629.6)
(71.2, 628.8000000000001)
(72.0, 628.0)
(72.8, 627.2)
(73.60000000000001, 626.4)
(74.39999999999999, 625.6)
(75.19999999999999, 624.8)
(76.0, 624.0)
(76.8, 623.2)
(77.6, 622.4)
(78.4, 621.5999999999999)
(79.2, 620.8)
(80.0, 620.0)
(80.0, 620.0)
(80.8, 619.1999999999999)
(81.6, 618.4)
(82.4, 617.6)
(83.2, 616.8)
(84.0, 616.0)
(84.80000000000001, 615.1999999999999)
(85.60000000000001, 614.4)
(86.4, 613.6)
(87.19999999999999, 612.8)
(88.0, 612.0)
(88.80000000000001, 611.2)
(89.60000000000001, 610.4)
(90.39999999999999, 609.6)
(91.20000000000002, 608.8)
(92.0, 608.0)
(92.80000000000001, 607.2)
(93.6, 606.4)
(94.39999999999999, 605.6)
(95.19999999999999, 604.8000000000001)
(96.0, 604.0)
(96.8, 603.2)
(97.60000000000002, 602.4)
(98.4, 601.5999999999999)
(99.2, 600.8)
(100.0, 600.0)
(100.0, 600.0)
(100.0, 599.1999999999999)
(100.00000000000001, 598.4000000000001)
(100.0, 597.6)
(100.0, 596.8)
(100.0, 596.0)
(100.0, 595.2)
(100.0, 594.4)
(100.0, 593.6)
(100.0, 592.8)
(100.0, 592.0)
(100.0, 591.2)
(100.0, 590.4000000000001)
(100.0, 589.5999999999999)
(100.0, 588.8000000000001)
(100.0, 588.0)
(100.0, 587.2)
(100.0, 586.4)
(100.0, 585.6)
(100.0, 584.8)
(100.0, 584.0)
(100.0, 583.2)
(100.0, 582.4)
(100.0, 581.5999999999999)
(100.0, 580.8)
(100.0, 580.0)
(100.0, 580.0)
(100.0, 579.2)
(100.00000000000001, 578.4000000000001)
(100.0, 577.6)
(100.0, 576.8)
(100.0, 576.0000000000001)
(100.0, 575.1999999999999)
(100.0, 574.4)
(100.0, 573.6)
(100.0, 572.8)
(100.0, 572.0)
(100.0, 571.2)
(100.0, 570.4)
(100.0, 569.6)
(100.0, 568.8)
(100.0, 568.0)
(100.0, 567.2)
(100.0, 566.4)
(100.0, 565.6)
(100.0, 564.8000000000001)
(100.0, 564.0)
(100.0, 563.2)
(100.0, 562.4)
(100.0, 561.6)
(100.0, 560.8)
(100.0, 560.0)
(100.0, 560.0)
(100.0, 559.2)
(100.00000000000001, 558.4000000000001)
(100.0, 557.6)
(100.0, 556.8)
(100.0, 556.0000000000001)
(100.0, 555.2)
(100.0, 554.4)
(100.0, 553.6)
(100.0, 552.8)
(100.0, 552.0)
(100.0, 551.2)
(100.0, 550.4)
(100.0, 549.6)
(100.0, 548.8)
(100.0, 548.0)
(100.0, 547.2)
(100.0, 546.4)
(100.0, 545.5999999999999)
(100.0, 544.8)
(100.0, 544.0)
(100.0, 543.2)
(100.0, 542.4)
(100.0, 541.5999999999999)
(100.0, 540.8)
(100.0, 540.0)
(100.0, 540.0)
(100.0, 539.1999999999999)
(100.00000000000001, 538.4000000000001)
(100.0, 537.6)
(100.0, 536.8)
(100.0, 536.0)
(100.0, 535.1999999999999)
(100.0, 534.4)
(100.0, 533.6)
(100.0, 532.8)
(100.0, 532.0)
(100.0, 531.2)
(100.0, 530.4000000000001)
(100.0, 529.5999999999999)
(100.0, 528.8000000000001)
(100.0, 528.0)
(100.0, 527.2)
(100.0, 526.4)
(100.0, 525.6)
(100.0, 524.8000000000001)
(100.0, 524.0)
(100.0, 523.2)
(100.0, 522.4)
(100.0, 521.6)
(100.0, 520.8000000000001)
(100.0, 520.0)
(100.0, 520.0)
(99.2, 519.2)
(98.40000000000002, 518.4000000000001)
(97.60000000000002, 517.6)
(96.8, 516.8)
(96.0, 516.0)
(95.19999999999999, 515.2)
(94.39999999999999, 514.4)
(93.6, 513.6)
(92.80000000000001, 512.8)
(92.0, 512.0)
(91.20000000000002, 511.20000000000005)
(90.39999999999999, 510.4)
(89.60000000000001, 509.6)
(88.79999999999998, 508.79999999999995)
(88.0, 508.0)
(87.19999999999999, 507.2)
(86.4, 506.4)
(85.60000000000001, 505.6)
(84.80000000000001, 504.80000000000007)
(84.0, 504.0)
(83.2, 503.2)
(82.4, 502.40000000000003)
(81.6, 501.59999999999997)
(80.8, 500.79999999999995)
(80.0, 500.0)
(80.0, 500.0)
(80.0, 499.20000000000005)
(80.0, 498.40000000000003)
(80.0, 497.59999999999997)
(80.0, 496.8)
(80.0, 496.0)
(80.0, 495.19999999999993)
(80.0, 494.4)
(80.0, 493.6)
(80.0, 492.8)
(80.0, 492.0)
(80.0, 491.20000000000005)
(80.0, 490.4)
(80.0, 489.6)
(80.0, 488.79999999999995)
(80.0, 488.0)
(80.0, 487.2)
(80.0, 486.4)
(80.0, 485.6)
(80.0, 484.80000000000007)
(80.0, 484.00000000000006)
(80.0, 483.2)
(80.0, 482.40000000000003)
(80.0, 481.6)
(80.0, 480.79999999999995)
(80.0, 480.0)
(80.0, 480.0)
(80.0, 479.20000000000005)
(80.0, 478.40000000000003)
(80.0, 477.6)
(80.0, 476.8)
(80.0, 476.0000000000001)
(80.0, 475.20000000000005)
(80.0, 474.40000000000003)
(80.0, 473.6)
(80.0, 472.8)
(80.0, 472.0)
(80.0, 471.20000000000005)
(80.0, 470.4)
(80.0, 469.6)
(80.0, 468.79999999999995)
(80.0, 468.0)
(80.0, 467.2)
(80.0, 466.4)
(80.0, 465.6)
(80.0, 464.80000000000007)
(80.0, 464.00000000000006)
(80.0, 463.2)
(80.0, 462.4)
(80.0, 461.59999999999997)
(80.0, 460.79999999999995)
(80.0, 460.0)
(80.0, 460.0)
(79.2, 459.19999999999993)
(78.4, 458.40000000000003)
(77.6, 457.59999999999997)
(76.8, 456.8)
(76.0, 456.0000000000001)
(75.19999999999999, 455.19999999999993)
(74.39999999999999, 454.4)
(73.6, 453.6)
(72.8, 452.8)
(72.0, 452.0)
(71.20000000000002, 451.20000000000005)
(70.4, 450.4)
(69.6, 449.6)
(68.8, 448.79999999999995)
(68.0, 448.0)
(67.2, 447.2)
(66.39999999999999, 446.4)
(65.60000000000001, 445.6)
(64.80000000000001, 444.79999999999995)
(64.0, 444.0)
(63.2, 443.2)
(62.400000000000006, 442.4)
(61.6, 441.6)
(60.8, 440.79999999999995)
(60.0, 440.0)
(60.0, 440.0)
(60.0, 439.19999999999993)
(60.0, 438.40000000000003)
(60.0, 437.59999999999997)
(60.0, 436.8)
(60.00000000000001, 436.0)
(60.0, 435.19999999999993)
(60.0, 434.4)
(60.0, 433.6)
(60.0, 432.8)
(60.0, 432.0)
(60.0, 431.20000000000005)
(60.0, 430.4000000000001)
(60.0, 429.5999999999999)
(60.0, 428.8)
(60.0, 428.0)
(60.0, 427.2)
(60.0, 426.4)
(60.0, 425.6)
(60.0, 424.80000000000007)
(60.0, 424.0)
(60.0, 423.2)
(60.0, 422.40000000000003)
(60.0, 421.59999999999997)
(60.0, 420.79999999999995)
(60.0, 420.0)
(60.0, 420.0)
(60.0, 419.20000000000005)
(60.0, 418.40000000000003)
(60.0, 417.59999999999997)
(60.0, 416.8)
(60.00000000000001, 416.0)
(60.0, 415.20000000000005)
(60.0, 414.4)
(60.0, 413.6)
(60.0, 412.8)
(60.0, 412.0)
(60.0, 411.20000000000005)
(60.0, 410.4)
(60.0, 409.6)
(60.0, 408.79999999999995)
(60.0, 408.0)
(60.0, 407.2)
(60.0, 406.4)
(60.0, 405.6)
(60.0, 404.79999999999995)
(60.0, 404.0)
(60.0, 403.2)
(60.0, 402.40000000000003)
(60.0, 401.6)
(60.0, 400.79999999999995)
(60.0, 400.0)
(60.0, 400.0)
(60.8, 399.20000000000005)
(61.6, 398.40000000000003)
(62.400000000000006, 397.6)
(63.2, 396.8)
(64.0, 396.0)
(64.80000000000001, 395.19999999999993)
(65.60000000000001, 394.4)
(66.4, 393.6)
(67.2, 392.8)
(68.0, 392.0)
(68.80000000000001, 391.20000000000005)
(69.6, 390.4)
(70.4, 389.6)
(71.2, 388.79999999999995)
(72.0, 388.0)
(72.8, 387.2)
(73.60000000000001, 386.4)
(74.39999999999999, 385.6)
(75.19999999999999, 384.79999999999995)
(76.0, 384.0)
(76.8, 383.2)
(77.6, 382.4)
(78.4, 381.59999999999997)
(79.2, 380.79999999999995)
(80.0, 380.0)
(80.0, 380.0)
(80.0, 379.19999999999993)
(80.0, 378.40000000000003)
(80.0, 377.59999999999997)
(80.0, 376.8)
(80.0, 376.0)
(80.0, 375.19999999999993)
(80.0, 374.4)
(80.0, 373.6)
(80.0, 372.8)
(80.0, 372.0)
(80.0, 371.20000000000005)
(80.0, 370.4000000000001)
(80.0, 369.5999999999999)
(80.0, 368.8)
(80.0, 368.0)
(80.0, 367.2)
(80.0, 366.4)
(80.0, 365.6)
(80.0, 364.79999999999995)
(80.0, 364.0)
(80.0, 363.2)
(80.0, 362.40000000000003)
(80.0, 361.6)
(80.0, 360.80000000000007)
(80.0, 360.0)
(80.0, 360.0)
(80.8, 359.20000000000005)
(81.6, 358.40000000000003)
(82.4, 357.59999999999997)
(83.2, 356.8)
(84.0, 356.0)
(84.80000000000001, 355.19999999999993)
(85.60000000000001, 354.4)
(86.4, 353.6)
(87.19999999999999, 352.8)
(88.0, 352.0)
(88.80000000000001, 351.20000000000005)
(89.60000000000001, 350.4)
(90.39999999999999, 349.6)
(91.20000000000002, 348.8)
(92.0, 348.0)
(92.80000000000001, 347.2)
(93.6, 346.4)
(94.39999999999999, 345.6)
(95.19999999999999, 344.80000000000007)
(96.0, 344.0)
(96.8, 343.2)
(97.60000000000002, 342.40000000000003)
(98.4, 341.59999999999997)
(99.2, 340.79999999999995)
(100.0, 340.0)
(100.0, 340.0)
(100.8, 339.20000000000005)
(101.6, 338.40000000000003)
(102.4, 337.6)
(103.2, 336.8)
(104.0, 336.0)
(104.80000000000001, 335.19999999999993)
(105.6, 334.4)
(106.39999999999999, 333.6)
(107.2, 332.8)
(108.0, 332.0)
(108.80000000000001, 331.20000000000005)
(109.60000000000001, 330.4)
(110.39999999999999, 329.6)
(111.20000000000002, 328.79999999999995)
(112.0, 328.0)
(112.8, 327.2)
(113.6, 326.4)
(114.4, 325.6)
(115.20000000000002, 324.80000000000007)
(116.00000000000001, 324.0)
(116.8, 323.2)
(117.6, 322.40000000000003)
(118.4, 321.59999999999997)
(119.2, 320.79999999999995)
(120.0, 320.0)
(120.0, 320.0)
(120.8, 320.0)
(121.6, 320.0)
(122.4, 320.0)
(123.2, 320.0)
(124.00000000000003, 320.0)
(124.80000000000001, 320.0)
(125.60000000000001, 320.0)
(126.4, 320.0)
(127.19999999999999, 320.0)
(128.0, 320.0)
(128.8, 320.0)
(129.60000000000002, 320.0)
(130.39999999999998, 320.0)
(131.20000000000002, 320.0)
(132.0, 320.0)
(132.8, 320.0)
(133.60000000000002, 320.0)
(134.4, 320.0)
(135.2, 320.0)
(136.0, 320.0)
(136.8, 320.0)
(137.6, 320.0)
(138.4, 320.0)
(139.2, 320.0)
(140.0, 320.0)
(140.0, 320.0)
(140.8, 320.0)
(141.6, 320.0)
(142.4, 320.0)
(143.2, 320.0)
(144.00000000000003, 320.0)
(144.8, 320.0)
(145.6, 320.0)
(146.4, 320.0)
(147.20000000000002, 320.0)
(148.0, 320.0)
(148.8, 320.0)
(149.60000000000002, 320.0)
(150.39999999999998, 320.0)
(151.20000000000002, 320.0)
(152.0, 320.0)
(152.8, 320.0)
(153.6, 320.0)
(154.4, 320.0)
(155.2, 320.0)
(156.0, 320.0)
(156.8, 320.0)
(157.6, 320.0)
(158.4, 320.0)
(159.2, 320.0)
(160.0, 320.0)
(160.0, 320.0)
(160.79999999999998, 320.0)
(161.6, 320.0)
(162.40000000000003, 320.0)
(163.2, 320.0)
(164.00000000000003, 320.0)
(164.8, 320.0)
(165.60000000000002, 320.0)
(166.4, 320.0)
(167.2, 320.0)
(168.0, 320.0)
(168.8, 320.0)
(169.60000000000002, 320.0)
(170.39999999999998, 320.0)
(171.20000000000002, 320.0)
(172.0, 320.0)
(172.8, 320.0)
(173.6, 320.0)
(174.39999999999998, 320.0)
(175.2, 320.0)
(176.0, 320.0)
(176.8, 320.0)
(177.59999999999997, 320.0)
(178.40000000000003, 320.0)
(179.20000000000002, 320.0)
(180.0, 320.0)
(180.0, 320.0)
(180.8, 320.0)
(181.60000000000002, 320.0)
(182.39999999999998, 320.0)
(183.2, 320.0)
(184.0, 320.0)
(184.8, 320.0)
(185.6, 320.0)
(186.4, 320.0)
(187.2, 320.0)
(187.99999999999997, 320.0)
(188.8, 320.0)
(189.60000000000002, 320.0)
(190.39999999999998, 320.0)
(191.20000000000002, 320.0)
(192.0, 320.0)
(192.8, 320.0)
(193.6, 320.0)
(194.39999999999998, 320.0)
(195.2, 320.0)
(195.99999999999997, 320.0)
(196.8, 320.0)
(197.60000000000002, 320.0)
(198.4, 320.0)
(199.20000000000002, 320.0)
(200.0, 320.0)
(200.0, 320.0)
(200.79999999999998, 319.2)
(201.60000000000002, 318.4)
(202.40000000000003, 317.59999999999997)
(203.2, 316.8)
(204.0, 316.0)
(204.79999999999995, 315.2)
(205.6, 314.4)
(206.39999999999998, 313.6)
(207.2, 312.8)
(208.0, 312.0)
(208.8, 311.2)
(209.60000000000002, 310.4)
(210.39999999999998, 309.6)
(211.2, 308.8)
(212.0, 308.0)
(212.8, 307.2)
(213.6, 306.4)
(214.4, 305.59999999999997)
(215.2, 304.8)
(216.0, 304.0)
(216.8, 303.2)
(217.59999999999997, 302.4)
(218.4, 301.6)
(219.2, 300.79999999999995)
(220.0, 300.0)
(220.0, 300.0)
(220.79999999999998, 299.99999999999994)
(221.60000000000002, 300.0)
(222.39999999999998, 300.0)
(223.2, 300.0)
(224.00000000000003, 300.0)
(224.79999999999995, 300.0)
(225.60000000000002, 300.0)
(226.4, 300.0)
(227.2, 300.0)
(228.0, 300.0)
(228.8, 300.0)
(229.60000000000002, 300.0)
(230.39999999999998, 300.0)
(231.20000000000002, 300.0)
(232.0, 300.0)
(232.8, 300.0)
(233.6, 300.0)
(234.4, 300.0)
(235.20000000000005, 300.0)
(236.0, 300.0)
(236.8, 300.0)
(237.60000000000002, 300.0)
(238.4, 300.0)
(239.20000000000002, 300.0)
(240.0, 300.0)
(240.0, 300.0)
(240.79999999999998, 299.2)
(241.60000000000002, 298.40000000000003)
(242.40000000000003, 297.59999999999997)
(243.2, 296.8)
(244.00000000000003, 296.0)
(244.80000000000004, 295.2)
(245.60000000000002, 294.4)
(246.4, 293.6)
(247.2, 292.8)
(247.99999999999997, 292.0)
(248.8, 291.2)
(249.60000000000002, 290.4)
(250.39999999999998, 289.6)
(251.20000000000002, 288.8)
(252.00000000000003, 288.0)
(252.8, 287.2)
(253.6, 286.4)
(254.39999999999998, 285.6)
(255.20000000000005, 284.8)
(256.0, 284.0)
(256.8, 283.2)
(257.59999999999997, 282.40000000000003)
(258.4, 281.6)
(259.20000000000005, 280.79999999999995)
(260.0, 280.0)
(260.0, 280.0)
(260.0, 279.2)
(260.0, 278.40000000000003)
(260.0, 277.6)
(260.0, 276.8)
(260.0, 276.0)
(260.0, 275.20000000000005)
(260.0, 274.40000000000003)
(260.0, 273.6)
(260.0, 272.8)
(260.0, 272.0)
(260.0, 271.2)
(260.0, 270.4)
(260.0, 269.6)
(260.0, 268.8)
(260.0, 268.0)
(260.0, 267.2)
(260.0, 266.4)
(260.0, 265.59999999999997)
(260.0, 264.8)
(260.0, 264.0)
(260.0, 263.2)
(260.0, 262.4)
(260.0, 261.6)
(260.0, 260.8)
(260.0, 260.0)
(260.0, 260.0)
(260.0, 259.20000000000005)
(260.0, 258.40000000000003)
(260.0, 257.59999999999997)
(260.0, 256.8)
(260.0, 256.0)
(260.0, 255.20000000000005)
(260.0, 254.39999999999998)
(260.0, 253.6)
(260.0, 252.8)
(260.0, 252.00000000000003)
(260.0, 251.20000000000005)
(260.0, 250.39999999999998)
(260.0, 249.60000000000002)
(260.0, 248.79999999999998)
(260.0, 247.99999999999997)
(260.0, 247.2)
(260.0, 246.4)
(260.0, 245.60000000000002)
(260.0, 244.80000000000004)
(260.0, 244.00000000000003)
(260.0, 243.2)
(260.0, 242.40000000000003)
(260.0, 241.6)
(260.0, 240.79999999999998)
(260.0, 240.0)
(260.0, 240.0)
(259.20000000000005, 239.2)
(258.40000000000003, 238.40000000000003)
(257.59999999999997, 237.60000000000002)
(256.8, 236.8)
(256.0, 236.0)
(255.20000000000005, 235.20000000000005)
(254.39999999999998, 234.4)
(253.6, 233.6)
(252.8, 232.8)
(252.00000000000003, 232.0)
(251.20000000000005, 231.20000000000002)
(250.39999999999998, 230.39999999999998)
(249.60000000000002, 229.60000000000002)
(248.79999999999998, 228.79999999999998)
(247.99999999999997, 228.0)
(247.2, 227.2)
(246.4, 226.4)
(245.60000000000002, 225.60000000000002)
(244.80000000000004, 224.79999999999995)
(244.00000000000003, 224.0)
(243.2, 223.2)
(242.40000000000003, 222.39999999999998)
(241.6, 221.6)
(240.79999999999998, 220.79999999999998)
(240.0, 220.0)
(240.0, 220.0)
(239.2, 219.99999999999997)
(238.40000000000003, 220.00000000000003)
(237.60000000000002, 220.0)
(236.8, 220.0)
(236.0, 220.0)
(235.20000000000005, 220.0)
(234.4, 220.0)
(233.6, 220.0)
(232.8, 220.0)
(232.0, 220.0)
(231.20000000000002, 220.0)
(230.39999999999998, 220.0)
(229.60000000000002, 220.0)
(228.79999999999998, 220.0)
(228.0, 220.0)
(227.2, 220.0)
(226.4, 220.0)
(225.60000000000002, 220.0)
(224.79999999999995, 220.0)
(224.0, 220.0)
(223.2, 220.0)
(222.39999999999998, 220.0)
(221.6, 220.0)
(220.79999999999998, 220.0)
(220.0, 220.0)
(220.0, 220.0)
(219.2, 219.99999999999997)
(218.40000000000003, 220.00000000000003)
(217.59999999999997, 220.0)
(216.8, 220.0)
(216.0, 220.0)
(215.2, 220.0)
(214.4, 220.0)
(213.6, 220.0)
(212.8, 220.0)
(212.0, 220.0)
(211.20000000000002, 220.0)
(210.39999999999998, 220.0)
(209.60000000000002, 220.0)
(208.8, 220.0)
(208.0, 220.0)
(207.2, 220.0)
(206.4, 220.0)
(205.6, 220.0)
(204.79999999999995, 220.0)
(204.0, 220.0)
(203.2, 220.0)
(202.40000000000003, 220.0)
(201.6, 220.0)
(200.79999999999998, 220.0)
(200.0, 220.0)
(200.0, 220.0)
(199.2, 219.99999999999997)
(198.40000000000003, 220.00000000000003)
(197.60000000000002, 220.0)
(196.8, 220.0)
(196.0, 220.0)
(195.2, 220.0)
(194.39999999999998, 220.0)
(193.6, 220.0)
(192.8, 220.0)
(192.0, 220.0)
(191.20000000000002, 220.0)
(190.39999999999998, 220.0)
(189.60000000000002, 220.0)
(188.8, 220.0)
(187.99999999999997, 220.0)
(187.2, 220.0)
(186.4, 220.0)
(185.6, 220.0)
(184.8, 220.0)
(184.0, 220.0)
(183.2, 220.0)
(182.39999999999998, 220.0)
(181.6, 220.0)
(180.8, 220.0)
(180.0, 220.0)
(180.0, 220.0)
(179.20000000000002, 219.99999999999997)
(178.40000000000003, 220.00000000000003)
(177.59999999999997, 220.0)
(176.8, 220.0)
(176.0, 220.0)
(175.2, 220.0)
(174.39999999999998, 220.0)
(173.6, 220.0)
(172.8, 220.0)
(172.0, 220.0)
(171.20000000000002, 220.0)
(170.39999999999998, 220.0)
(169.60000000000002, 220.0)
(168.79999999999998, 220.0)
(168.0, 220.0)
(167.2, 220.0)
(166.4, 220.0)
(165.60000000000002, 220.0)
(164.8, 220.0)
(164.0, 220.0)
(163.2, 220.0)
(162.40000000000003, 220.0)
(161.6, 220.0)
(160.79999999999998, 220.0)
(160.0, 220.0)
(160.0, 220.0)
(159.2, 219.99999999999997)
(158.4, 220.00000000000003)
(157.6, 220.0)
(156.8, 220.0)
(156.0, 220.0)
(155.2, 220.0)
(154.4, 220.0)
(153.6, 220.0)
(152.8, 220.0)
(152.0, 220.0)
(151.20000000000002, 220.0)
(150.39999999999998, 220.0)
(149.60000000000002, 220.0)
(148.79999999999998, 220.0)
(148.0, 220.0)
(147.20000000000002, 220.0)
(146.4, 220.0)
(145.6, 220.0)
(144.8, 220.0)
(144.0, 220.0)
(143.2, 220.0)
(142.4, 220.0)
(141.6, 220.0)
(140.8, 220.0)
(140.0, 220.0)
(140.0, 220.0)
(139.2, 219.99999999999997)
(138.4, 220.00000000000003)
(137.6, 220.0)
(136.8, 220.0)
(136.0, 220.0)
(135.2, 220.0)
(134.4, 220.0)
(133.6, 220.0)
(132.8, 220.0)
(132.0, 220.0)
(131.20000000000002, 220.0)
(130.39999999999998, 220.0)
(129.60000000000002, 220.0)
(128.79999999999998, 220.0)
(128.0, 220.0)
(127.19999999999999, 220.0)
(126.4, 220.0)
(125.60000000000001, 220.0)
(124.80000000000001, 220.0)
(124.0, 220.0)
(123.2, 220.0)
(122.4, 220.0)
(121.6, 220.0)
(120.8, 220.0)
(120.0, 220.0)
(120.0, 220.0)
(119.2, 219.2)
(118.40000000000002, 218.40000000000003)
(117.6, 217.59999999999997)
(116.8, 216.8)
(116.00000000000001, 216.0)
(115.20000000000002, 215.2)
(114.4, 214.4)
(113.6, 213.6)
(112.8, 212.8)
(112.0, 212.0)
(111.20000000000002, 211.20000000000002)
(110.39999999999999, 210.39999999999998)
(109.60000000000001, 209.60000000000002)
(108.79999999999998, 208.8)
(108.0, 208.0)
(107.2, 207.2)
(106.4, 206.4)
(105.6, 205.6)
(104.80000000000001, 204.79999999999995)
(103.99999999999999, 204.0)
(103.2, 203.2)
(102.4, 202.40000000000003)
(101.6, 201.6)
(100.8, 200.79999999999998)
(100.0, 200.0)
(100.0, 200.0)
(99.2, 199.2)
(98.40000000000002, 198.40000000000003)
(97.60000000000002, 197.60000000000002)
(96.8, 196.8)
(96.0, 196.0)
(95.19999999999999, 195.2)
(94.39999999999999, 194.39999999999998)
(93.6, 193.6)
(92.80000000000001, 192.8)
(92.0, 192.0)
(91.20000000000002, 191.20000000000002)
(90.39999999999999, 190.39999999999998)
(89.60000000000001, 189.60000000000002)
(88.79999999999998, 188.8)
(88.0, 187.99999999999997)
(87.19999999999999, 187.2)
(86.4, 186.4)
(85.60000000000001, 185.6)
(84.80000000000001, 184.8)
(84.0, 184.0)
(83.2, 183.2)
(82.4, 182.39999999999998)
(81.6, 181.6)
(80.8, 180.8)
(80.0, 180.0)
(80.0, 180.0)
(80.0, 179.20000000000002)
(80.0, 178.40000000000003)
(80.0, 177.59999999999997)
(80.0, 176.8)
(80.0, 176.0)
(80.0, 175.2)
(80.0, 174.39999999999998)
(80.0, 173.6)
(80.0, 172.8)
(80.0, 172.0)
(80.0, 171.20000000000002)
(80.0, 170.39999999999998)
(80.0, 169.60000000000002)
(80.0, 168.79999999999998)
(80.0, 168.0)
(80.0, 167.2)
(80.0, 166.4)
(80.0, 165.60000000000002)
(80.0, 164.8)
(80.0, 164.0)
(80.0, 163.2)
(80.0, 162.40000000000003)
(80.0, 161.6)
(80.0, 160.79999999999998)
(80.0, 160.0)
(80.0, 160.0)
(80.0, 159.2)
(80.0, 158.4)
(80.0, 157.6)
(80.0, 156.8)
(80.0, 156.0)
(80.0, 155.2)
(80.0, 154.4)
(80.0, 153.6)
(80.0, 152.8)
(80.0, 152.0)
(80.0, 151.20000000000002)
(80.0, 150.39999999999998)
(80.0, 149.60000000000002)
(80.0, 148.79999999999998)
(80.0, 148.0)
(80.0, 147.20000000000002)
(80.0, 146.4)
(80.0, 145.6)
(80.0, 144.8)
(80.0, 144.0)
(80.0, 143.2)
(80.0, 142.4)
(80.0, 141.6)
(80.0, 140.8)
(80.0, 140.0)
(80.0, 140.0)
(80.0, 139.2)
(80.0, 138.4)
(80.0, 137.6)
(80.0, 136.8)
(80.0, 136.0)
(80.0, 135.2)
(80.0, 134.4)
(80.0, 133.6)
(80.0, 132.8)
(80.0, 132.0)
(80.0, 131.20000000000002)
(80.0, 130.39999999999998)
(80.0, 129.60000000000002)
(80.0, 128.79999999999998)
(80.0, 128.0)
(80.0, 127.19999999999999)
(80.0, 126.4)
(80.0, 125.60000000000001)
(80.0, 124.80000000000001)
(80.0, 124.0)
(80.0, 123.2)
(80.0, 122.4)
(80.0, 121.6)
(80.0, 120.8)
(80.0, 120.0)
(80.0, 120.0)
(80.8, 119.2)
(81.6, 118.40000000000002)
(82.4, 117.6)
(83.2, 116.8)
(84.0, 116.00000000000001)
(84.80000000000001, 115.20000000000002)
(85.60000000000001, 114.4)
(86.4, 113.6)
(87.19999999999999, 112.8)
(88.0, 112.0)
(88.80000000000001, 111.20000000000002)
(89.60000000000001, 110.39999999999999)
(90.39999999999999, 109.60000000000001)
(91.20000000000002, 108.79999999999998)
(92.0, 108.0)
(92.80000000000001, 107.2)
(93.6, 106.4)
(94.39999999999999, 105.6)
(95.19999999999999, 104.80000000000001)
(96.0, 103.99999999999999)
(96.8, 103.2)
(97.60000000000002, 102.4)
(98.4, 101.6)
(99.2, 100.8)
(100.0, 100.0)
(100.0, 100.0)
(100.8, 99.2)
(101.6, 98.40000000000002)
(102.4, 97.60000000000002)
(103.2, 96.8)
(104.0, 96.0)
(104.80000000000001, 95.19999999999999)
(105.6, 94.39999999999999)
(106.39999999999999, 93.6)
(107.2, 92.80000000000001)
(108.0, 92.0)
(108.80000000000001, 91.20000000000002)
(109.60000000000001, 90.39999999999999)
(110.39999999999999, 89.60000000000001)
(111.20000000000002, 88.79999999999998)
(112.0, 88.0)
(112.8, 87.19999999999999)
(113.6, 86.4)
(114.4, 85.60000000000001)
(115.20000000000002, 84.80000000000001)
(116.00000000000001, 84.0)
(116.8, 83.2)
(117.6, 82.4)
(118.4, 81.6)
(119.2, 80.8)
(120.0, 80.0)
(120.0, 80.0)
(120.8, 79.2)
(121.6, 78.4)
(122.4, 77.6)
(123.2, 76.8)
(124.00000000000003, 76.0)
(124.80000000000001, 75.19999999999999)
(125.60000000000001, 74.39999999999999)
(126.4, 73.6)
(127.19999999999999, 72.8)
(128.0, 72.0)
(128.8, 71.20000000000002)
(129.60000000000002, 70.4)
(130.39999999999998, 69.6)
(131.20000000000002, 68.8)
(132.0, 68.0)
(132.8, 67.2)
(133.60000000000002, 66.39999999999999)
(134.4, 65.60000000000001)
(135.2, 64.80000000000001)
(136.0, 64.0)
(136.8, 63.2)
(137.6, 62.400000000000006)
(138.4, 61.6)
(139.2, 60.8)
(140.0, 60.0)
(140.0, 60.0)
(140.8, 60.0)
(141.6, 60.0)
(142.4, 60.0)
(143.2, 60.0)
(144.00000000000003, 60.00000000000001)
(144.8, 60.0)
(145.6, 60.0)
(146.4, 60.0)
(147.20000000000002, 60.0)
(148.0, 60.0)
(148.8, 60.0)
(149.60000000000002, 60.0)
(150.39999999999998, 60.0)
(151.20000000000002, 60.0)
(152.0, 60.0)
(152.8, 60.0)
(153.6, 60.0)
(154.4, 60.0)
(155.2, 60.0)
(156.0, 60.0)
(156.8, 60.0)
(157.6, 60.0)
(158.4, 60.0)
(159.2, 60.0)
(160.0, 60.0)
(160.0, 60.0)
(160.79999999999998, 60.0)
(161.6, 60.0)
(162.40000000000003, 60.0)
(163.2, 60.0)
(164.00000000000003, 60.00000000000001)
(164.8, 60.0)
(165.60000000000002, 60.0)
(166.4, 60.0)
(167.2, 60.0)
(168.0, 60.0)
(168.8, 60.0)
(169.60000000000002, 60.0)
(170.39999999999998, 60.0)
(171.20000000000002, 60.0)
(172.0, 60.0)
(172.8, 60.0)
(173.6, 60.0)
(174.39999999999998, 60.0)
(175.2, 60.0)
(176.0, 60.0)
(176.8, 60.0)
(177.59999999999997, 60.0)
(178.40000000000003, 60.0)
(179.20000000000002, 60.0)
(180.0, 60.0)
(180.0, 60.0)
(180.8, 60.0)
(181.60000000000002, 60.0)
(182.39999999999998, 60.0)
(183.2, 60.0)
(184.0, 60.00000000000001)
(184.8, 60.0)
(185.6, 60.0)
(186.4, 60.0)
(187.2, 60.0)
(187.99999999999997, 60.0)
(188.8, 60.0)
(189.60000000000002, 60.0)
(190.39999999999998, 60.0)
(191.20000000000002, 60.0)
(192.0, 60.0)
(192.8, 60.0)
(193.6, 60.0)
(194.39999999999998, 60.0)
(195.2, 60.0)
(195.99999999999997, 60.0)
(196.8, 60.0)
(197.60000000000002, 60.0)
(198.4, 60.0)
(199.20000000000002, 60.0)
(200.0, 60.0)
(200.0, 60.0)
(200.79999999999998, 60.0)
(201.60000000000002, 60.0)
(202.40000000000003, 60.0)
(203.2, 60.0)
(204.0, 60.00000000000001)
(204.79999999999995, 60.0)
(205.6, 60.0)
(206.39999999999998, 60.0)
(207.2, 60.0)
(208.0, 60.0)
(208.8, 60.0)
(209.60000000000002, 60.0)
(210.39999999999998, 60.0)
(211.2, 60.0)
(212.0, 60.0)
(212.8, 60.0)
(213.6, 60.0)
(214.4, 60.0)
(215.2, 60.0)
(216.0, 60.0)
(216.8, 60.0)
(217.59999999999997, 60.0)
(218.4, 60.0)
(219.2, 60.0)
(220.0, 60.0)
(220.0, 60.0)
(220.79999999999998, 60.0)
(221.60000000000002, 60.0)
(222.39999999999998, 60.0)
(223.2, 60.0)
(224.00000000000003, 60.00000000000001)
(224.79999999999995, 60.0)
(225.60000000000002, 60.0)
(226.4, 60.0)
(227.2, 60.0)
(228.0, 60.0)
(228.8, 60.0)
(229.60000000000002, 60.0)
(230.39999999999998, 60.0)
(231.20000000000002, 60.0)
(232.0, 60.0)
(232.8, 60.0)
(233.6, 60.0)
(234.4, 60.0)
(235.20000000000005, 60.0)
(236.0, 60.0)
(236.8, 60.0)
(237.60000000000002, 60.0)
(238.4, 60.0)
(239.20000000000002, 60.0)
(240.0, 60.0)
(240.0, 60.0)
(240.79999999999998, 60.0)
(241.60000000000002, 60.0)
(242.40000000000003, 60.0)
(243.2, 60.0)
(244.00000000000003, 60.00000000000001)
(244.80000000000004, 60.0)
(245.60000000000002, 60.0)
(246.4, 60.0)
(247.2, 60.0)
(247.99999999999997, 60.0)
(248.8, 60.0)
(249.60000000000002, 60.0)
(250.39999999999998, 60.0)
(251.20000000000002, 60.0)
(252.00000000000003, 60.0)
(252.8, 60.0)
(253.6, 60.0)
(254.39999999999998, 60.0)
(255.20000000000005, 60.0)
(256.0, 60.0)
(256.8, 60.0)
(257.59999999999997, 60.0)
(258.4, 60.0)
(259.20000000000005, 60.0)
(260.0, 60.0)
(260.0, 60.0)
(260.8, 60.0)
(261.6, 60.0)
(262.4, 60.0)
(263.2, 60.0)
(264.0, 60.00000000000001)
(264.8, 60.0)
(265.59999999999997, 60.0)
(266.4, 60.0)
(267.2, 60.0)
(268.0, 60.0)
(268.8, 60.0)
(269.6, 60.0)
(270.4, 60.0)
(271.2, 60.0)
(272.0, 60.0)
(272.8, 60.0)
(273.6, 60.0)
(274.40000000000003, 60.0)
(275.20000000000005, 60.0)
(276.0, 60.0)
(276.8, 60.0)
(277.6, 60.0)
(278.4, 60.0)
(279.20000000000005, 60.0)
(280.0, 60.0)
(280.0, 60.0)
(280.79999999999995, 60.0)
(281.6, 60.0)
(282.40000000000003, 60.0)
(283.2, 60.0)
(284.0, 60.00000000000001)
(284.8, 60.0)
(285.6, 60.0)
(286.4, 60.0)
(287.2, 60.0)
(288.0, 60.0)
(288.8, 60.0)
(289.6, 60.0)
(290.4, 60.0)
(291.2, 60.0)
(292.0, 60.0)
(292.8, 60.0)
(293.6, 60.0)
(294.4, 60.0)
(295.2, 60.0)
(296.0, 60.0)
(296.8, 60.0)
(297.59999999999997, 60.0)
(298.4, 60.0)
(299.2, 60.0)
(300.0, 60.0)
(300.0, 60.0)
(300.79999999999995, 60.0)
(301.6, 60.0)
(302.4, 60.0)
(303.2, 60.0)
(304.0, 60.00000000000001)
(304.8, 60.0)
(305.59999999999997, 60.0)
(306.4, 60.0)
(307.2, 60.0)
(308.0, 60.0)
(308.8, 60.0)
(309.6, 60.0)
(310.4, 60.0)
(311.2, 60.0)
(312.0, 60.0)
(312.8, 60.0)
(313.6, 60.0)
(314.4, 60.0)
(315.2, 60.0)
(316.0, 60.0)
(316.8, 60.0)
(317.59999999999997, 60.0)
(318.4, 60.0)
(319.20000000000005, 60.0)
(320.0, 60.0)
(320.0, 60.0)
(320.79999999999995, 60.0)
(321.6, 60.0)
(322.40000000000003, 60.0)
(323.2, 60.0)
(324.00000000000006, 60.00000000000001)
(324.80000000000007, 60.0)
(325.6, 60.0)
(326.4, 60.0)
(327.2, 60.0)
(328.0, 60.0)
(328.8, 60.0)
(329.6, 60.0)
(330.4, 60.0)
(331.20000000000005, 60.0)
(332.0, 60.0)
(332.8, 60.0)
(333.6, 60.0)
(334.4, 60.0)
(335.19999999999993, 60.0)
(336.0, 60.0)
(336.8, 60.0)
(337.6, 60.0)
(338.40000000000003, 60.0)
(339.20000000000005, 60.0)
(340.0, 60.0)
(340.0, 60.0)
(340.79999999999995, 60.0)
(341.6, 60.0)
(342.40000000000003, 60.0)
(343.2, 60.0)
(344.00000000000006, 60.00000000000001)
(344.80000000000007, 60.0)
(345.6, 60.0)
(346.4, 60.0)
(347.2, 60.0)
(348.0, 60.0)
(348.8, 60.0)
(349.6, 60.0)
(350.4, 60.0)
(351.20000000000005, 60.0)
(352.0, 60.0)
(352.8, 60.0)
(353.6, 60.0)
(354.4, 60.0)
(355.19999999999993, 60.0)
(356.0, 60.0)
(356.8, 60.0)
(357.59999999999997, 60.0)
(358.40000000000003, 60.0)
(359.20000000000005, 60.0)
(360.0, 60.0)
(360.0, 60.0)
(360.80000000000007, 60.0)
(361.6, 60.0)
(362.40000000000003, 60.0)
(363.2, 60.0)
(364.0, 60.00000000000001)
(364.79999999999995, 60.0)
(365.6, 60.0)
(366.4, 60.0)
(367.2, 60.0)
(368.0, 60.0)
(368.8, 60.0)
(369.5999999999999, 60.0)
(370.4000000000001, 60.0)
(371.2, 60.0)
(372.0, 60.0)
(372.8, 60.0)
(373.6, 60.0)
(374.4, 60.0)
(375.19999999999993, 60.0)
(376.0, 60.0)
(376.8, 60.0)
(377.59999999999997, 60.0)
(378.4, 60.0)
(379.20000000000005, 60.0)
(380.0, 60.0)
(380.0, 60.0)
(380.79999999999995, 60.8)
(381.6, 61.6)
(382.4, 62.400000000000006)
(383.2, 63.2)
(384.00000000000006, 64.0)
(384.79999999999995, 64.80000000000001)
(385.6, 65.60000000000001)
(386.4, 66.4)
(387.2, 67.2)
(388.0, 68.0)
(388.8, 68.80000000000001)
(389.6, 69.6)
(390.4, 70.4)
(391.20000000000005, 71.2)
(392.0, 72.0)
(392.8, 72.8)
(393.6, 73.60000000000001)
(394.4, 74.39999999999999)
(395.19999999999993, 75.19999999999999)
(395.99999999999994, 76.0)
(396.8, 76.8)
(397.6, 77.6)
(398.40000000000003, 78.4)
(399.20000000000005, 79.2)
(400.0, 80.0)
(400.0, 80.0)
(400.79999999999995, 80.8)
(401.6, 81.6)
(402.40000000000003, 82.4)
(403.2, 83.2)
(404.0, 84.0)
(404.79999999999995, 84.80000000000001)
(405.6, 85.60000000000001)
(406.3999999999999, 86.4)
(407.2, 87.19999999999999)
(408.0, 88.0)
(408.8, 88.80000000000001)
(409.6, 89.60000000000001)
(410.4, 90.39999999999999)
(411.20000000000005, 91.20000000000002)
(412.0, 92.0)
(412.8, 92.80000000000001)
(413.6, 93.6)
(414.4, 94.39999999999999)
(415.20000000000005, 95.19999999999999)
(416.0, 96.0)
(416.8, 96.8)
(417.59999999999997, 97.60000000000002)
(418.4, 98.4)
(419.20000000000005, 99.2)
(420.0, 100.0)
(420.0, 100.0)
(420.0, 100.8)
(420.0, 101.6)
(420.0, 102.4)
(420.0, 103.2)
(420.0, 104.0)
(420.0, 104.80000000000001)
(420.0, 105.6)
(420.0, 106.39999999999999)
(420.0, 107.2)
(420.0, 108.0)
(420.0, 108.80000000000001)
(420.0, 109.60000000000001)
(420.0, 110.39999999999999)
(420.0, 111.20000000000002)
(420.0, 112.0)
(420.0, 112.8)
(420.0, 113.6)
(420.0, 114.4)
(420.0, 115.20000000000002)
(420.0, 116.00000000000001)
(420.0, 116.8)
(420.0, 117.6)
(420.0, 118.4)
(420.0, 119.2)
(420.0, 120.0)
(420.0, 120.0)
(420.0, 120.8)
(420.0, 121.6)
(420.0, 122.4)
(420.0, 123.2)
(420.0, 124.00000000000003)
(420.0, 124.80000000000001)
(420.0, 125.60000000000001)
(420.0, 126.4)
(420.0, 127.19999999999999)
(420.0, 128.0)
(420.0, 128.8)
(420.0, 129.60000000000002)
(420.0, 130.39999999999998)
(420.0, 131.20000000000002)
(420.0, 132.0)
(420.0, 132.8)
(420.0, 133.60000000000002)
(420.0, 134.4)
(420.0, 135.2)
(420.0, 136.0)
(420.0, 136.8)
(420.0, 137.6)
(420.0, 138.4)
(420.0, 139.2)
(420.0, 140.0)
(420.0, 140.0)
(420.79999999999995, 140.8)
(421.6, 141.6)
(422.40000000000003, 142.4)
(423.2, 143.2)
(424.00000000000006, 144.00000000000003)
(424.80000000000007, 144.8)
(425.6, 145.6)
(426.4, 146.4)
(427.2, 147.20000000000002)
(428.0, 148.0)
(428.8, 148.8)
(429.5999999999999, 149.60000000000002)
(430.4000000000001, 150.39999999999998)
(431.2, 151.20000000000002)
(432.0, 152.0)
(432.8, 152.8)
(433.6, 153.6)
(434.4, 154.4)
(435.19999999999993, 155.2)
(436.0, 156.0)
(436.8, 156.8)
(437.59999999999997, 157.6)
(438.40000000000003, 158.4)
(439.19999999999993, 159.2)
(440.0, 160.0)
(440.0, 160.0)
(439.99999999999994, 160.79999999999998)
(440.00000000000006, 161.6)
(440.0, 162.40000000000003)
(440.0, 163.2)
(440.0, 164.00000000000003)
(440.0, 164.8)
(440.0, 165.60000000000002)
(440.0, 166.4)
(440.0, 167.2)
(440.0, 168.0)
(440.0, 168.8)
(440.0, 169.60000000000002)
(440.0, 170.39999999999998)
(440.0, 171.20000000000002)
(440.0, 172.0)
(440.0, 172.8)
(440.0, 173.6)
(440.0, 174.39999999999998)
(440.0, 175.2)
(440.0, 176.0)
(440.0, 176.8)
(440.0, 177.59999999999997)
(440.0, 178.40000000000003)
(440.0, 179.20000000000002)
(440.0, 180.0)
(440.0, 180.0)
(439.99999999999994, 180.8)
(440.00000000000006, 181.60000000000002)
(440.0, 182.39999999999998)
(440.0, 183.2)
(440.0, 184.0)
(440.0, 184.8)
(440.0, 185.6)
(440.0, 186.4)
(440.0, 187.2)
(440.0, 187.99999999999997)
(440.0, 188.8)
(440.0, 189.60000000000002)
(440.0, 190.39999999999998)
(440.0, 191.20000000000002)
(440.0, 192.0)
(440.0, 192.8)
(440.0, 193.6)
(440.0, 194.39999999999998)
(440.0, 195.2)
(440.0, 195.99999999999997)
(440.0, 196.8)
(440.0, 197.60000000000002)
(440.0, 198.4)
(440.0, 199.20000000000002)
(440.0, 200.0)
(440.0, 200.0)
(439.99999999999994, 200.79999999999998)
(440.00000000000006, 201.60000000000002)
(440.0, 202.40000000000003)
(440.0, 203.2)
(440.0, 204.0)
(440.0, 204.79999999999995)
(440.0, 205.6)
(440.0, 206.39999999999998)
(440.0, 207.2)
(440.0, 208.0)
(440.0, 208.8)
(440.0, 209.60000000000002)
(440.0, 210.39999999999998)
(440.0, 211.2)
(440.0, 212.0)
(440.0, 212.8)
(440.0, 213.6)
(440.0, 214.4)
(440.0, 215.2)
(440.0, 216.0)
(440.0, 216.8)
(440.0, 217.59999999999997)
(440.0, 218.4)
(440.0, 219.2)
(440.0, 220.0)
(440.0, 220.0)
(439.99999999999994, 220.79999999999998)
(440.00000000000006, 221.60000000000002)
(440.0, 222.39999999999998)
(440.0, 223.2)
(440.0, 224.00000000000003)
(440.0, 224.79999999999995)
(440.0, 225.60000000000002)
(440.0, 226.4)
(440.0, 227.2)
(440.0, 228.0)
(440.0, 228.8)
(440.0, 229.60000000000002)
(440.0, 230.39999999999998)
(440.0, 231.20000000000002)
(440.0, 232.0)
(440.0, 232.8)
(440.0, 233.6)
(440.0, 234.4)
(440.0, 235.20000000000005)
(440.0, 236.0)
(440.0, 236.8)
(440.0, 237.60000000000002)
(440.0, 238.4)
(440.0, 239.20000000000002)
(440.0, 240.0)
(440.0, 240.0)
(439.19999999999993, 240.79999999999998)
(438.40000000000003, 241.60000000000002)
(437.59999999999997, 242.40000000000003)
(436.8, 243.2)
(436.0, 244.00000000000003)
(435.19999999999993, 244.80000000000004)
(434.4, 245.60000000000002)
(433.6, 246.4)
(432.8, 247.2)
(432.0, 247.99999999999997)
(431.20000000000005, 248.8)
(430.4000000000001, 249.60000000000002)
(429.5999999999999, 250.39999999999998)
(428.8, 251.20000000000002)
(428.0, 252.00000000000003)
(427.2, 252.8)
(426.4, 253.6)
(425.6, 254.39999999999998)
(424.80000000000007, 255.20000000000005)
(424.0, 256.0)
(423.2, 256.8)
(422.40000000000003, 257.59999999999997)
(421.59999999999997, 258.4)
(420.79999999999995, 259.20000000000005)
(420.0, 260.0)
(420.0, 260.0)
(419.20000000000005, 260.8)
(418.40000000000003, 261.6)
(417.59999999999997, 262.4)
(416.8, 263.2)
(416.0, 264.0)
(415.20000000000005, 264.8)
(414.4, 265.59999999999997)
(413.6, 266.4)
(412.8, 267.2)
(412.0, 268.0)
(411.20000000000005, 268.8)
(410.4, 269.6)
(409.6, 270.4)
(408.79999999999995, 271.2)
(408.0, 272.0)
(407.2, 272.8)
(406.4, 273.6)
(405.6, 274.40000000000003)
(404.79999999999995, 275.20000000000005)
(404.0, 276.0)
(403.2, 276.8)
(402.40000000000003, 277.6)
(401.6, 278.4)
(400.79999999999995, 279.20000000000005)
(400.0, 280.0)
(400.0, 280.0)
(399.20000000000005, 280.79999999999995)
(398.40000000000003, 281.6)
(397.6, 282.40000000000003)
(396.8, 283.2)
(396.0, 284.0)
(395.19999999999993, 284.8)
(394.4, 285.6)
(393.6, 286.4)
(392.8, 287.2)
(392.0, 288.0)
(391.20000000000005, 288.8)
(390.4, 289.6)
(389.6, 290.4)
(388.79999999999995, 291.2)
(388.0, 292.0)
(387.2, 292.8)
(386.4, 293.6)
(385.6, 294.4)
(384.79999999999995, 295.2)
(384.0, 296.0)
(383.2, 296.8)
(382.4, 297.59999999999997)
(381.59999999999997, 298.4)
(380.79999999999995, 299.2)
(380.0, 300.0)
(380.0, 300.0)
(380.0, 300.79999999999995)
(380.0, 301.6)
(380.0, 302.4)
(380.0, 303.2)
(380.0, 304.0)
(380.0, 304.8)
(380.0, 305.59999999999997)
(380.0, 306.4)
(380.0, 307.2)
(380.0, 308.0)
(380.0, 308.8)
(380.0, 309.6)
(380.0, 310.4)
(380.0, 311.2)
(380.0, 312.0)
(380.0, 312.8)
(380.0, 313.6)
(380.0, 314.4)
(380.0, 315.2)
(380.0, 316.0)
(380.0, 316.8)
(380.0, 317.59999999999997)
(380.0, 318.4)
(380.0, 319.20000000000005)
(380.0, 320.0)
(380.0, 320.0)
(380.0, 320.79999999999995)
(380.0, 321.6)
(380.0, 322.40000000000003)
(380.0, 323.2)
(380.0, 324.00000000000006)
(380.0, 324.80000000000007)
(380.0, 325.6)
(380.0, 326.4)
(380.0, 327.2)
(380.0, 328.0)
(380.0, 328.8)
(380.0, 329.6)
(380.0, 330.4)
(380.0, 331.20000000000005)
(380.0, 332.0)
(380.0, 332.8)
(380.0, 333.6)
(380.0, 334.4)
(380.0, 335.19999999999993)
(380.0, 336.0)
(380.0, 336.8)
(380.0, 337.6)
(380.0, 338.40000000000003)
(380.0, 339.20000000000005)
(380.0, 340.0)
(380.0, 340.0)
(379.19999999999993, 340.79999999999995)
(378.40000000000003, 341.6)
(377.59999999999997, 342.40000000000003)
(376.8, 343.2)
(376.0, 344.00000000000006)
(375.19999999999993, 344.80000000000007)
(374.4, 345.6)
(373.6, 346.4)
(372.8, 347.2)
(372.0, 348.0)
(371.20000000000005, 348.8)
(370.4000000000001, 349.6)
(369.5999999999999, 350.4)
(368.8, 351.20000000000005)
(368.0, 352.0)
(367.2, 352.8)
(366.4, 353.6)
(365.6, 354.4)
(364.79999999999995, 355.19999999999993)
(364.0, 356.0)
(363.2, 356.8)
(362.40000000000003, 357.59999999999997)
(361.6, 358.40000000000003)
(360.80000000000007, 359.20000000000005)
(360.0, 360.0)
(360.0, 360.0)
(360.0, 360.80000000000007)
(360.00000000000006, 361.6)
(360.0, 362.40000000000003)
(360.0, 363.2)
(360.0, 364.0)
(360.0, 364.79999999999995)
(360.0, 365.6)
(360.0, 366.4)
(360.0, 367.2)
(360.0, 368.0)
(360.0, 368.8)
(360.0, 369.5999999999999)
(360.0, 370.4000000000001)
(360.0, 371.2)
(360.0, 372.0)
(360.0, 372.8)
(360.0, 373.6)
(360.0, 374.4)
(360.0, 375.19999999999993)
(360.0, 376.0)
(360.0, 376.8)
(360.0, 377.59999999999997)
(360.0, 378.4)
(360.0, 379.20000000000005)
(360.0, 380.0)
(360.0, 380.0)
(359.20000000000005, 380.79999999999995)
(358.40000000000003, 381.6)
(357.59999999999997, 382.4)
(356.8, 383.2)
(356.0, 384.00000000000006)
(355.19999999999993, 384.79999999999995)
(354.4, 385.6)
(353.6, 386.4)
(352.8, 387.2)
(352.0, 388.0)
(351.20000000000005, 388.8)
(350.4, 389.6)
(349.6, 390.4)
(348.8, 391.20000000000005)
(348.0, 392.0)
(347.2, 392.8)
(346.4, 393.6)
(345.6, 394.4)
(344.80000000000007, 395.19999999999993)
(344.0, 395.99999999999994)
(343.2, 396.8)
(342.40000000000003, 397.6)
(341.59999999999997, 398.40000000000003)
(340.79999999999995, 399.20000000000005)
(340.0, 400.0)
(340.0, 400.0)
(339.20000000000005, 400.79999999999995)
(338.40000000000003, 401.6)
(337.6, 402.40000000000003)
(336.8, 403.2)
(336.0, 404.0)
(335.19999999999993, 404.79999999999995)
(334.4, 405.6)
(333.6, 406.3999999999999)
(332.8, 407.2)
(332.0, 408.0)
(331.20000000000005, 408.8)
(330.4, 409.6)
(329.6, 410.4)
(328.79999999999995, 411.20000000000005)
(328.0, 412.0)
(327.2, 412.8)
(326.4, 413.6)
(325.6, 414.4)
(324.80000000000007, 415.20000000000005)
(324.0, 416.0)
(323.2, 416.8)
(322.40000000000003, 417.59999999999997)
(321.59999999999997, 418.4)
(320.79999999999995, 419.20000000000005)
(320.0, 420.0)
(320.0, 420.0)
(320.0, 420.79999999999995)
(320.0, 421.6)
(320.0, 422.40000000000003)
(320.0, 423.2)
(320.0, 424.00000000000006)
(320.0, 424.80000000000007)
(320.0, 425.6)
(320.0, 426.4)
(320.0, 427.2)
(320.0, 428.0)
(320.0, 428.8)
(320.0, 429.5999999999999)
(320.0, 430.4000000000001)
(320.0, 431.2)
(320.0, 432.0)
(320.0, 432.8)
(320.0, 433.6)
(320.0, 434.4)
(320.0, 435.19999999999993)
(320.0, 436.0)
(320.0, 436.8)
(320.0, 437.59999999999997)
(320.0, 438.40000000000003)
(320.0, 439.19999999999993)
(320.0, 440.0)
(320.0, 440.0)
(320.0, 440.79999999999995)
(320.0, 441.6)
(320.0, 442.4)
(320.0, 443.2)
(320.0, 444.00000000000006)
(320.0, 444.79999999999995)
(320.0, 445.6)
(320.0, 446.4)
(320.0, 447.2)
(320.0, 448.0)
(320.0, 448.79999999999995)
(320.0, 449.6)
(320.0, 450.4)
(320.0, 451.20000000000005)
(320.0, 452.0)
(320.0, 452.8)
(320.0, 453.6)
(320.0, 454.4)
(320.0, 455.19999999999993)
(320.0, 456.0)
(320.0, 456.8)
(320.0, 457.59999999999997)
(320.0, 458.4)
(320.0, 459.20000000000005)
(320.0, 460.0)
(320.0, 460.0)
(320.0, 460.79999999999995)
(320.0, 461.59999999999997)
(320.0, 462.4)
(320.0, 463.2)
(320.0, 464.00000000000006)
(320.0, 464.80000000000007)
(320.0, 465.6)
(320.0, 466.4)
(320.0, 467.2)
(320.0, 468.0)
(320.0, 468.8)
(320.0, 469.6)
(320.0, 470.4)
(320.0, 471.20000000000005)
(320.0, 472.0)
(320.0, 472.8)
(320.0, 473.6)
(320.0, 474.40000000000003)
(320.0, 475.20000000000005)
(320.0, 476.0)
(320.0, 476.8)
(320.0, 477.6)
(320.0, 478.40000000000003)
(320.0, 479.20000000000005)
(320.0, 480.0)
(320.0, 480.0)
(320.0, 480.79999999999995)
(320.0, 481.6)
(320.0, 482.40000000000003)
(320.0, 483.2)
(320.0, 484.00000000000006)
(320.0, 484.80000000000007)
(320.0, 485.6)
(320.0, 486.4)
(320.0, 487.2)
(320.0, 488.0)
(320.0, 488.8)
(320.0, 489.6)
(320.0, 490.4)
(320.0, 491.20000000000005)
(320.0, 492.0)
(320.0, 492.8)
(320.0, 493.6)
(320.0, 494.4)
(320.0, 495.19999999999993)
(320.0, 495.99999999999994)
(320.0, 496.8)
(320.0, 497.59999999999997)
(320.0, 498.4)
(320.0, 499.20000000000005)
(320.0, 500.0)
(320.0, 500.0)
(320.79999999999995, 500.79999999999995)
(321.6, 501.59999999999997)
(322.40000000000003, 502.40000000000003)
(323.2, 503.2)
(324.00000000000006, 504.0)
(324.80000000000007, 504.80000000000007)
(325.6, 505.6)
(326.4, 506.4)
(327.2, 507.2)
(328.0, 508.0)
(328.8, 508.8)
(329.6, 509.6)
(330.4, 510.4)
(331.20000000000005, 511.20000000000005)
(332.0, 512.0)
(332.8, 512.8)
(333.6, 513.6)
(334.4, 514.4)
(335.19999999999993, 515.2)
(336.0, 516.0)
(336.8, 516.8)
(337.6, 517.6)
(338.40000000000003, 518.4000000000001)
(339.20000000000005, 519.2)
(340.0, 520.0)
(340.0, 520.0)
(340.79999999999995, 520.8)
(341.6, 521.6)
(342.40000000000003, 522.4)
(343.2, 523.2)
(344.00000000000006, 524.0)
(344.80000000000007, 524.8000000000001)
(345.6, 525.6)
(346.4, 526.4)
(347.2, 527.2)
(348.0, 528.0)
(348.8, 528.8000000000001)
(349.6, 529.5999999999999)
(350.4, 530.4000000000001)
(351.20000000000005, 531.1999999999999)
(352.0, 532.0)
(352.8, 532.8)
(353.6, 533.6)
(354.4, 534.4)
(355.19999999999993, 535.1999999999999)
(356.0, 536.0)
(356.8, 536.8)
(357.59999999999997, 537.6)
(358.40000000000003, 538.4)
(359.20000000000005, 539.2)
(360.0, 540.0)
(360.0, 540.0)
(360.80000000000007, 540.8)
(361.6, 541.5999999999999)
(362.40000000000003, 542.4)
(363.2, 543.2)
(364.0, 544.0)
(364.79999999999995, 544.8)
(365.6, 545.5999999999999)
(366.4, 546.4)
(367.2, 547.2)
(368.0, 548.0)
(368.8, 548.8000000000001)
(369.5999999999999, 549.6)
(370.4000000000001, 550.4)
(371.2, 551.2)
(372.0, 552.0)
(372.8, 552.8)
(373.6, 553.6)
(374.4, 554.4)
(375.19999999999993, 555.2)
(376.0, 556.0)
(376.8, 556.8)
(377.59999999999997, 557.6)
(378.4, 558.4000000000001)
(379.20000000000005, 559.2)
(380.0, 560.0)
(380.0, 560.0)
(380.79999999999995, 560.8)
(381.6, 561.6)
(382.4, 562.4)
(383.2, 563.2)
(384.00000000000006, 564.0)
(384.79999999999995, 564.8000000000001)
(385.6, 565.6)
(386.4, 566.4)
(387.2, 567.2)
(388.0, 568.0)
(388.8, 568.8000000000001)
(389.6, 569.6)
(390.4, 570.4)
(391.20000000000005, 571.2)
(392.0, 572.0)
(392.8, 572.8)
(393.6, 573.6)
(394.4, 574.4)
(395.19999999999993, 575.1999999999999)
(395.99999999999994, 576.0)
(396.8, 576.8)
(397.6, 577.6)
(398.40000000000003, 578.4)
(399.20000000000005, 579.2)
(400.0, 580.0)
(400.0, 580.0)
(400.79999999999995, 580.0)
(401.6, 580.0)
(402.40000000000003, 580.0)
(403.2, 580.0)
(404.0, 580.0000000000001)
(404.79999999999995, 580.0)
(405.6, 580.0)
(406.3999999999999, 580.0)
(407.2, 580.0)
(408.0, 580.0)
(408.8, 580.0)
(409.6, 580.0)
(410.4, 580.0)
(411.20000000000005, 580.0)
(412.0, 580.0)
(412.8, 580.0)
(413.6, 580.0)
(414.4, 580.0)
(415.20000000000005, 580.0)
(416.0, 580.0)
(416.8, 580.0)
(417.59999999999997, 580.0)
(418.4, 580.0)
(419.20000000000005, 580.0)
(420.0, 580.0)
(420.0, 580.0)
(420.79999999999995, 580.0)
(421.6, 580.0)
(422.40000000000003, 580.0)
(423.2, 580.0)
(424.00000000000006, 580.0000000000001)
(424.80000000000007, 580.0)
(425.6, 580.0)
(426.4, 580.0)
(427.2, 580.0)
(428.0, 580.0)
(428.8, 580.0)
(429.5999999999999, 580.0)
(430.4000000000001, 580.0)
(431.2, 580.0)
(432.0, 580.0)
(432.8, 580.0)
(433.6, 580.0)
(434.4, 580.0)
(435.19999999999993, 580.0)
(436.0, 580.0)
(436.8, 580.0)
(437.59999999999997, 580.0)
(438.40000000000003, 580.0)
(439.19999999999993, 580.0)
(440.0, 580.0)
(440.0, 580.0)
(440.79999999999995, 580.0)
(441.6, 580.0)
(442.4, 580.0)
(443.2, 580.0)
(444.00000000000006, 580.0000000000001)
(444.79999999999995, 580.0)
(445.6, 580.0)
(446.4, 580.0)
(447.2, 580.0)
(448.0, 580.0)
(448.79999999999995, 580.0)
(449.6, 580.0)
(450.4, 580.0)
(451.20000000000005, 580.0)
(452.0, 580.0)
(452.8, 580.0)
(453.6, 580.0)
(454.4, 580.0)
(455.19999999999993, 580.0)
(456.0, 580.0)
(456.8, 580.0)
(457.59999999999997, 580.0)
(458.4, 580.0)
(459.20000000000005, 580.0)
(460.0, 580.0)
(460.0, 580.0)
(460.79999999999995, 580.0)
(461.59999999999997, 580.0)
(462.4, 580.0)
(463.2, 580.0)
(464.00000000000006, 580.0000000000001)
(464.80000000000007, 580.0)
(465.6, 580.0)
(466.4, 580.0)
(467.2, 580.0)
(468.0, 580.0)
(468.8, 580.0)
(469.6, 580.0)
(470.4, 580.0)
(471.20000000000005, 580.0)
(472.0, 580.0)
(472.8, 580.0)
(473.6, 580.0)
(474.40000000000003, 580.0)
(475.20000000000005, 580.0)
(476.0, 580.0)
(476.8, 580.0)
(477.6, 580.0)
(478.40000000000003, 580.0)
(479.20000000000005, 580.0)
(480.0, 580.0)
(480.0, 580.0)
(480.79999999999995, 579.2)
(481.6, 578.4000000000001)
(482.40000000000003, 577.6)
(483.2, 576.8)
(484.00000000000006, 576.0000000000001)
(484.80000000000007, 575.1999999999999)
(485.6, 574.4)
(486.4, 573.6)
(487.2, 572.8)
(488.0, 572.0)
(488.8, 571.2)
(489.6, 570.4)
(490.4, 569.6)
(491.20000000000005, 568.8)
(492.0, 568.0)
(492.8, 567.2)
(493.6, 566.4)
(494.4, 565.6)
(495.19999999999993, 564.8000000000001)
(495.99999999999994, 564.0)
(496.8, 563.2)
(497.59999999999997, 562.4)
(498.4, 561.6)
(499.20000000000005, 560.8)
(500.0, 560.0)
(500.0, 560.0)
(500.79999999999995, 560.0)
(501.59999999999997, 560.0)
(502.40000000000003, 560.0)
(503.2, 560.0)
(504.0, 560.0000000000001)
(504.80000000000007, 560.0)
(505.6, 560.0)
(506.4, 560.0)
(507.2, 560.0)
(508.0, 560.0)
(508.8, 560.0)
(509.6, 560.0)
(510.4, 560.0)
(511.20000000000005, 560.0)
(512.0, 560.0)
(512.8, 560.0)
(513.6, 560.0)
(514.4, 560.0)
(515.2, 560.0)
(516.0, 560.0)
(516.8, 560.0)
(517.6, 560.0)
(518.4000000000001, 560.0)
(519.2, 560.0)
(520.0, 560.0)
(520.0, 560.0)
(520.8, 559.2)
(521.6, 558.4000000000001)
(522.4, 557.6)
(523.2, 556.8)
(524.0, 556.0000000000001)
(524.8000000000001, 555.2)
(525.6, 554.4)
(526.4, 553.6)
(527.2, 552.8)
(528.0, 552.0)
(528.8000000000001, 551.2)
(529.5999999999999, 550.4)
(530.4000000000001, 549.6)
(531.1999999999999, 548.8)
(532.0, 548.0)
(532.8, 547.2)
(533.6, 546.4)
(534.4, 545.5999999999999)
(535.1999999999999, 544.8)
(536.0, 544.0)
(536.8, 543.2)
(537.6, 542.4)
(538.4, 541.5999999999999)
(539.2, 540.8)
(540.0, 540.0)
(540.0, 540.0)
(540.8, 539.1999999999999)
(541.5999999999999, 538.4000000000001)
(542.4, 537.6)
(543.2, 536.8)
(544.0, 536.0)
(544.8, 535.1999999999999)
(545.5999999999999, 534.4)
(546.4, 533.6)
(547.2, 532.8)
(548.0, 532.0)
(548.8000000000001, 531.2)
(549.6, 530.4000000000001)
(550.4, 529.5999999999999)
(551.2, 528.8000000000001)
(552.0, 528.0)
(552.8, 527.2)
(553.6, 526.4)
(554.4, 525.6)
(555.2, 524.8000000000001)
(556.0, 524.0)
(556.8, 523.2)
(557.6, 522.4)
(558.4000000000001, 521.6)
(559.2, 520.8000000000001)
(560.0, 520.0)
(560.0, 520.0)
(560.0, 519.2)
(560.0, 518.4000000000001)
(560.0, 517.6)
(560.0, 516.8)
(560.0000000000001, 516.0)
(560.0, 515.2)
(560.0, 514.4)
(560.0, 513.6)
(560.0, 512.8)
(560.0, 512.0)
(560.0, 511.20000000000005)
(560.0, 510.4)
(560.0, 509.6)
(560.0, 508.79999999999995)
(560.0, 508.0)
(560.0, 507.2)
(560.0, 506.4)
(560.0, 505.6)
(560.0, 504.80000000000007)
(560.0, 504.0)
(560.0, 503.2)
(560.0, 502.40000000000003)
(560.0, 501.59999999999997)
(560.0, 500.79999999999995)
(560.0, 500.0)
(560.0, 500.0)
(560.0, 499.20000000000005)
(560.0, 498.40000000000003)
(560.0, 497.59999999999997)
(560.0, 496.8)
(560.0000000000001, 496.0)
(560.0, 495.19999999999993)
(560.0, 494.4)
(560.0, 493.6)
(560.0, 492.8)
(560.0, 492.0)
(560.0, 491.20000000000005)
(560.0, 490.4)
(560.0, 489.6)
(560.0, 488.79999999999995)
(560.0, 488.0)
(560.0, 487.2)
(560.0, 486.4)
(560.0, 485.6)
(560.0, 484.80000000000007)
(560.0, 484.00000000000006)
(560.0, 483.2)
(560.0, 482.40000000000003)
(560.0, 481.6)
(560.0, 480.79999999999995)
(560.0, 480.0)
(560.0, 480.0)
(560.0, 479.20000000000005)
(560.0, 478.40000000000003)
(560.0, 477.6)
(560.0, 476.8)
(560.0000000000001, 476.0000000000001)
(560.0, 475.20000000000005)
(560.0, 474.40000000000003)
(560.0, 473.6)
(560.0, 472.8)
(560.0, 472.0)
(560.0, 471.20000000000005)
(560.0, 470.4)
(560.0, 469.6)
(560.0, 468.79999999999995)
(560.0, 468.0)
(560.0, 467.2)
(560.0, 466.4)
(560.0, 465.6)
(560.0, 464.80000000000007)
(560.0, 464.00000000000006)
(560.0, 463.2)
(560.0, 462.4)
(560.0, 461.59999999999997)
(560.0, 460.79999999999995)
(560.0, 460.0)
(560.0, 460.0)
(559.2, 459.19999999999993)
(558.4000000000001, 458.40000000000003)
(557.6, 457.59999999999997)
(556.8, 456.8)
(556.0000000000001, 456.0000000000001)
(555.2, 455.19999999999993)
(554.4, 454.4)
(553.6, 453.6)
(552.8, 452.8)
(552.0, 452.0)
(551.2, 451.20000000000005)
(550.4, 450.4)
(549.6, 449.6)
(548.8, 448.79999999999995)
(548.0, 448.0)
(547.2, 447.2)
(546.4, 446.4)
(545.5999999999999, 445.6)
(544.8, 444.79999999999995)
(544.0, 444.0)
(543.2, 443.2)
(542.4, 442.4)
(541.5999999999999, 441.6)
(540.8, 440.79999999999995)
(540.0, 440.0)
(540.0, 440.0)
(540.0, 439.19999999999993)
(540.0, 438.40000000000003)
(540.0, 437.59999999999997)
(540.0, 436.8)
(540.0, 436.0)
(540.0, 435.19999999999993)
(540.0, 434.4)
(540.0, 433.6)
(540.0, 432.8)
(540.0, 432.0)
(540.0, 431.20000000000005)
(540.0, 430.4000000000001)
(540.0, 429.5999999999999)
(540.0, 428.8)
(540.0, 428.0)
(540.0, 427.2)
(540.0, 426.4)
(540.0, 425.6)
(540.0, 424.80000000000007)
(540.0, 424.0)
(540.0, 423.2)
(540.0, 422.40000000000003)
(540.0, 421.59999999999997)
(540.0, 420.79999999999995)
(540.0, 420.0)
(540.0, 420.0)
(540.0, 419.20000000000005)
(540.0, 418.40000000000003)
(540.0, 417.59999999999997)
(540.0, 416.8)
(540.0, 416.0)
(540.0, 415.20000000000005)
(540.0, 414.4)
(540.0, 413.6)
(540.0, 412.8)
(540.0, 412.0)
(540.0, 411.20000000000005)
(540.0, 410.4)
(540.0, 409.6)
(540.0, 408.79999999999995)
(540.0, 408.0)
(540.0, 407.2)
(540.0, 406.4)
(540.0, 405.6)
(540.0, 404.79999999999995)
(540.0, 404.0)
(540.0, 403.2)
(540.0, 402.40000000000003)
(540.0, 401.6)
(540.0, 400.79999999999995)
(540.0, 400.0)
(540.0, 400.0)
(540.0, 399.20000000000005)
(540.0, 398.40000000000003)
(540.0, 397.6)
(540.0, 396.8)
(540.0, 396.0)
(540.0, 395.19999999999993)
(540.0, 394.4)
(540.0, 393.6)
(540.0, 392.8)
(540.0, 392.0)
(540.0, 391.20000000000005)
(540.0, 390.4)
(540.0, 389.6)
(540.0, 388.79999999999995)
(540.0, 388.0)
(540.0, 387.2)
(540.0, 386.4)
(540.0, 385.6)
(540.0, 384.79999999999995)
(540.0, 384.0)
(540.0, 383.2)
(540.0, 382.4)
(540.0, 381.59999999999997)
(540.0, 380.79999999999995)
(540.0, 380.0)
(540.0, 380.0)
(540.0, 379.19999999999993)
(540.0, 378.40000000000003)
(540.0, 377.59999999999997)
(540.0, 376.8)
(540.0, 376.0)
(540.0, 375.19999999999993)
(540.0, 374.4)
(540.0, 373.6)
(540.0, 372.8)
(540.0, 372.0)
(540.0, 371.20000000000005)
(540.0, 370.4000000000001)
(540.0, 369.5999999999999)
(540.0, 368.8)
(540.0, 368.0)
(540.0, 367.2)
(540.0, 366.4)
(540.0, 365.6)
(540.0, 364.79999999999995)
(540.0, 364.0)
(540.0, 363.2)
(540.0, 362.40000000000003)
(540.0, 361.6)
(540.0, 360.80000000000007)
(540.0, 360.0)
(540.0, 360.0)
(540.8, 359.20000000000005)
(541.5999999999999, 358.40000000000003)
(542.4, 357.59999999999997)
(543.2, 356.8)
(544.0, 356.0)
(544.8, 355.19999999999993)
(545.5999999999999, 354.4)
(546.4, 353.6)
(547.2, 352.8)
(548.0, 352.0)
(548.8000000000001, 351.20000000000005)
(549.6, 350.4)
(550.4, 349.6)
(551.2, 348.8)
(552.0, 348.0)
(552.8, 347.2)
(553.6, 346.4)
(554.4, 345.6)
(555.2, 344.80000000000007)
(556.0, 344.0)
(556.8, 343.2)
(557.6, 342.40000000000003)
(558.4000000000001, 341.59999999999997)
(559.2, 340.79999999999995)
(560.0, 340.0)
(560.0, 340.0)
(560.0, 339.20000000000005)
(560.0, 338.40000000000003)
(560.0, 337.6)
(560.0, 336.8)
(560.0000000000001, 336.0)
(560.0, 335.19999999999993)
(560.0, 334.4)
(560.0, 333.6)
(560.0, 332.8)
(560.0, 332.0)
(560.0, 331.20000000000005)
(560.0, 330.4)
(560.0, 329.6)
(560.0, 328.79999999999995)
(560.0, 328.0)
(560.0, 327.2)
(560.0, 326.4)
(560.0, 325.6)
(560.0, 324.80000000000007)
(560.0, 324.0)
(560.0, 323.2)
(560.0, 322.40000000000003)
(560.0, 321.59999999999997)
(560.0, 320.79999999999995)
(560.0, 320.0)
(560.0, 320.0)
(560.0, 319.2)
(560.0, 318.4)
(560.0, 317.59999999999997)
(560.0, 316.8)
(560.0000000000001, 316.0)
(560.0, 315.2)
(560.0, 314.4)
(560.0, 313.6)
(560.0, 312.8)
(560.0, 312.0)
(560.0, 311.2)
(560.0, 310.4)
(560.0, 309.6)
(560.0, 308.8)
(560.0, 308.0)
(560.0, 307.2)
(560.0, 306.4)
(560.0, 305.59999999999997)
(560.0, 304.8)
(560.0, 304.0)
(560.0, 303.2)
(560.0, 302.4)
(560.0, 301.6)
(560.0, 300.79999999999995)
(560.0, 300.0)
(560.0, 300.0)
(560.8, 299.2)
(561.6, 298.40000000000003)
(562.4, 297.59999999999997)
(563.2, 296.8)
(564.0, 296.0)
(564.8000000000001, 295.2)
(565.6, 294.4)
(566.4, 293.6)
(567.2, 292.8)
(568.0, 292.0)
(568.8000000000001, 291.2)
(569.6, 290.4)
(570.4, 289.6)
(571.2, 288.8)
(572.0, 288.0)
(572.8, 287.2)
(573.6, 286.4)
(574.4, 285.6)
(575.1999999999999, 284.8)
(576.0, 284.0)
(576.8, 283.2)
(577.6, 282.40000000000003)
(578.4, 281.6)
(579.2, 280.79999999999995)
(580.0, 280.0)
(580.0, 280.0)
(580.0, 279.2)
(580.0, 278.40000000000003)
(580.0, 277.6)
(580.0, 276.8)
(580.0000000000001, 276.0)
(580.0, 275.20000000000005)
(580.0, 274.40000000000003)
(580.0, 273.6)
(580.0, 272.8)
(580.0, 272.0)
(580.0, 271.2)
(580.0, 270.4)
(580.0, 269.6)
(580.0, 268.8)
(580.0, 268.0)
(580.0, 267.2)
(580.0, 266.4)
(580.0, 265.59999999999997)
(580.0, 264.8)
(580.0, 264.0)
(580.0, 263.2)
(580.0, 262.4)
(580.0, 261.6)
(580.0, 260.8)
(580.0, 260.0)
(580.0, 260.0)
(580.8, 259.20000000000005)
(581.5999999999999, 258.40000000000003)
(582.4, 257.59999999999997)
(583.2, 256.8)
(584.0, 256.0)
(584.8, 255.20000000000005)
(585.6, 254.39999999999998)
(586.4, 253.6)
(587.2, 252.8)
(588.0, 252.00000000000003)
(588.8000000000001, 251.20000000000005)
(589.5999999999999, 250.39999999999998)
(590.4000000000001, 249.60000000000002)
(591.1999999999999, 248.79999999999998)
(592.0, 247.99999999999997)
(592.8, 247.2)
(593.6, 246.4)
(594.4, 245.60000000000002)
(595.2, 244.80000000000004)
(596.0, 244.00000000000003)
(596.8, 243.2)
(597.6, 242.40000000000003)
(598.4000000000001, 241.6)
(599.1999999999999, 240.79999999999998)
(600.0, 240.0)
(600.0, 240.0)
(600.8, 239.2)
(601.6, 238.40000000000003)
(602.4, 237.60000000000002)
(603.2, 236.8)
(604.0, 236.0)
(604.8000000000001, 235.20000000000005)
(605.6, 234.4)
(606.4, 233.6)
(607.2, 232.8)
(608.0, 232.0)
(608.8000000000001, 231.20000000000002)
(609.6, 230.39999999999998)
(610.4, 229.60000000000002)
(611.2, 228.79999999999998)
(612.0, 228.0)
(612.8, 227.2)
(613.6, 226.4)
(614.4, 225.60000000000002)
(615.1999999999999, 224.79999999999995)
(616.0, 224.0)
(616.8, 223.2)
(617.6, 222.39999999999998)
(618.4, 221.6)
(619.2, 220.79999999999998)
(620.0, 220.0)
(620.0, 220.0)
(620.8, 219.99999999999997)
(621.5999999999999, 220.00000000000003)
(622.4, 220.0)
(623.2, 220.0)
(624.0, 220.0)
(624.8, 220.0)
(625.6, 220.0)
(626.4, 220.0)
(627.2, 220.0)
(628.0, 220.0)
(628.8000000000001, 220.0)
(629.6, 220.0)
(630.4, 220.0)
(631.2, 220.0)
(632.0, 220.0)
(632.8, 220.0)
(633.6, 220.0)
(634.4, 220.0)
(635.1999999999999, 220.0)
(636.0, 220.0)
(636.8, 220.0)
(637.6, 220.0)
(638.4000000000001, 220.0)
(639.2, 220.0)
(640.0, 220.0)
(640.0, 220.0)
(640.8, 219.2)
(641.5999999999999, 218.40000000000003)
(642.4, 217.59999999999997)
(643.1999999999999, 216.8)
(644.0, 216.0)
(644.8000000000001, 215.2)
(645.6, 214.4)
(646.4, 213.6)
(647.2, 212.8)
(648.0, 212.0)
(648.8, 211.20000000000002)
(649.6000000000001, 210.39999999999998)
(650.3999999999999, 209.60000000000002)
(651.2, 208.8)
(652.0, 208.0)
(652.8, 207.2)
(653.6, 206.4)
(654.4, 205.6)
(655.2, 204.79999999999995)
(656.0, 204.0)
(656.8000000000001, 203.2)
(657.5999999999999, 202.40000000000003)
(658.4000000000001, 201.6)
(659.2, 200.79999999999998)
(660.0, 200.0)
(660.0, 200.0)
(660.8, 200.0)
(661.6000000000001, 200.00000000000003)
(662.4, 200.0)
(663.1999999999999, 200.0)
(664.0, 200.0)
(664.8000000000001, 200.0)
(665.6, 200.0)
(666.4, 200.0)
(667.2, 200.0)
(668.0000000000001, 200.0)
(668.8, 200.0)
(669.6000000000001, 200.0)
(670.3999999999999, 200.0)
(671.2, 200.0)
(672.0, 200.0)
(672.8, 200.0)
(673.6, 200.0)
(674.4, 200.0)
(675.1999999999999, 200.0)
(676.0000000000001, 200.0)
(676.8000000000001, 200.0)
(677.6, 200.0)
(678.4000000000001, 200.0)
(679.2, 200.0)
(680.0, 200.0)
(680.0, 200.0)
(680.8, 200.0)
(681.5999999999999, 200.00000000000003)
(682.4000000000001, 200.0)
(683.1999999999999, 200.0)
(684.0, 200.0)
(684.8000000000001, 200.0)
(685.6, 200.0)
(686.4, 200.0)
(687.2, 200.0)
(688.0, 200.0)
(688.8000000000001, 200.0)
(689.6000000000001, 200.0)
(690.3999999999999, 200.0)
(691.2, 200.0)
(692.0, 200.0)
(692.8, 200.0)
(693.6, 200.0)
(694.4, 200.0)
(695.2, 200.0)
(696.0, 200.0)
(696.8000000000001, 200.0)
(697.6, 200.0)
(698.4000000000001, 200.0)
(699.2, 200.0)
(700.0, 200.0)
(700.0, 200.0)
(700.8, 200.79999999999998)
(701.6000000000001, 201.60000000000002)
(702.4000000000001, 202.40000000000003)
(703.1999999999999, 203.2)
(704.0, 204.0)
(704.8000000000001, 204.79999999999995)
(705.6, 205.6)
(706.3999999999999, 206.39999999999998)
(707.2, 207.2)
(708.0, 208.0)
(708.8, 208.8)
(709.6000000000001, 209.60000000000002)
(710.3999999999999, 210.39999999999998)
(711.2, 211.2)
(711.9999999999999, 212.0)
(712.8, 212.8)
(713.6, 213.6)
(714.4, 214.4)
(715.1999999999999, 215.2)
(716.0, 216.0)
(716.8000000000001, 216.8)
(717.6, 217.59999999999997)
(718.4000000000001, 218.4)
(719.2, 219.2)
(720.0, 220.0)
(720.0, 220.0)
(720.8, 220.79999999999998)
(721.6000000000001, 221.60000000000002)
(722.4, 222.39999999999998)
(723.1999999999999, 223.2)
(724.0, 224.00000000000003)
(724.8, 224.79999999999995)
(725.6, 225.60000000000002)
(726.3999999999999, 226.4)
(727.2, 227.2)
(728.0, 228.0)
(728.8000000000001, 228.8)
(729.5999999999999, 229.60000000000002)
(730.4000000000001, 230.39999999999998)
(731.2, 231.20000000000002)
(732.0, 232.0)
(732.8, 232.8)
(733.6, 233.6)
(734.4, 234.4)
(735.2, 235.20000000000005)
(736.0, 236.0)
(736.8000000000001, 236.8)
(737.6, 237.60000000000002)
(738.3999999999999, 238.4)
(739.1999999999998, 239.20000000000002)
(740.0, 240.0)
(740.0, 240.0)
(739.9999999999999, 240.79999999999998)
(740.0, 241.60000000000002)
(740.0, 242.40000000000003)
(740.0, 243.2)
(740.0, 244.00000000000003)
(740.0, 244.80000000000004)
(740.0, 245.60000000000002)
(740.0, 246.4)
(740.0, 247.2)
(740.0, 247.99999999999997)
(740.0, 248.8)
(740.0, 249.60000000000002)
(740.0, 250.39999999999998)
(740.0, 251.20000000000002)
(740.0, 252.00000000000003)
(740.0, 252.8)
(740.0, 253.6)
(740.0, 254.39999999999998)
(740.0, 255.20000000000005)
(740.0, 256.0)
(740.0, 256.8)
(740.0, 257.59999999999997)
(740.0, 258.4)
(740.0, 259.20000000000005)
(740.0, 260.0)
(740.0, 260.0)
(739.9999999999999, 260.8)
(740.0, 261.6)
(740.0, 262.4)
(740.0, 263.2)
(740.0, 264.0)
(740.0, 264.8)
(740.0, 265.59999999999997)
(740.0, 266.4)
(740.0, 267.2)
(740.0, 268.0)
(740.0, 268.8)
(740.0, 269.6)
(740.0, 270.4)
(740.0, 271.2)
(740.0, 272.0)
(740.0, 272.8)
(740.0, 273.6)
(740.0, 274.40000000000003)
(740.0, 275.20000000000005)
(740.0, 276.0)
(740.0, 276.8)
(740.0, 277.6)
(740.0, 278.4)
(740.0, 279.20000000000005)
(740.0, 280.0)
(740.0, 280.0)
(739.1999999999998, 280.79999999999995)
(738.4000000000001, 281.6)
(737.6, 282.40000000000003)
(736.8, 283.2)
(736.0000000000001, 284.0)
(735.2, 284.8)
(734.4, 285.6)
(733.5999999999999, 286.4)
(732.8, 287.2)
(732.0, 288.0)
(731.2, 288.8)
(730.4000000000001, 289.6)
(729.5999999999999, 290.4)
(728.8, 291.2)
(728.0, 292.0)
(727.2, 292.8)
(726.4, 293.6)
(725.6, 294.4)
(724.8, 295.2)
(724.0, 296.0)
(723.1999999999999, 296.8)
(722.4, 297.59999999999997)
(721.6000000000001, 298.4)
(720.8000000000002, 299.2)
(720.0, 300.0)
(720.0, 300.0)
(720.0, 300.79999999999995)
(720.0000000000001, 301.6)
(720.0, 302.4)
(720.0, 303.2)
(720.0, 304.0)
(720.0, 304.8)
(720.0, 305.59999999999997)
(720.0, 306.4)
(720.0, 307.2)
(720.0, 308.0)
(720.0, 308.8)
(720.0, 309.6)
(720.0, 310.4)
(720.0, 311.2)
(720.0, 312.0)
(720.0, 312.8)
(720.0, 313.6)
(720.0, 314.4)
(720.0, 315.2)
(720.0, 316.0)
(720.0, 316.8)
(720.0, 317.59999999999997)
(720.0, 318.4)
(720.0, 319.20000000000005)
(720.0, 320.0)
(720.0, 320.0)
(719.2, 320.79999999999995)
(718.4000000000001, 321.6)
(717.6, 322.40000000000003)
(716.8, 323.2)
(716.0, 324.00000000000006)
(715.1999999999999, 324.80000000000007)
(714.4, 325.6)
(713.6, 326.4)
(712.8, 327.2)
(711.9999999999999, 328.0)
(711.2, 328.8)
(710.3999999999999, 329.6)
(709.6000000000001, 330.4)
(708.8, 331.20000000000005)
(708.0, 332.0)
(707.2, 332.8)
(706.4, 333.6)
(705.6, 334.4)
(704.8000000000001, 335.19999999999993)
(703.9999999999999, 336.0)
(703.1999999999999, 336.8)
(702.4000000000001, 337.6)
(701.5999999999999, 338.40000000000003)
(700.8000000000002, 339.20000000000005)
(700.0, 340.0)
(700.0, 340.0)
(700.0, 340.79999999999995)
(700.0, 341.6)
(700.0, 342.40000000000003)
(700.0, 343.2)
(700.0, 344.00000000000006)
(700.0, 344.80000000000007)
(700.0, 345.6)
(700.0, 346.4)
(700.0, 347.2)
(700.0, 348.0)
(700.0, 348.8)
(700.0, 349.6)
(700.0, 350.4)
(700.0, 351.20000000000005)
(700.0, 352.0)
(700.0, 352.8)
(700.0, 353.6)
(700.0, 354.4)
(700.0, 355.19999999999993)
(700.0, 356.0)
(700.0, 356.8)
(700.0, 357.59999999999997)
(700.0, 358.40000000000003)
(700.0, 359.20000000000005)
(700.0, 360.0)
(700.0, 360.0)
(700.0, 360.80000000000007)
(700.0, 361.6)
(700.0, 362.40000000000003)
(700.0, 363.2)
(700.0, 364.0)
(700.0, 364.79999999999995)
(700.0, 365.6)
(700.0, 366.4)
(700.0, 367.2)
(700.0, 368.0)
(700.0, 368.8)
(700.0, 369.5999999999999)
(700.0, 370.4000000000001)
(700.0, 371.2)
(700.0, 372.0)
(700.0, 372.8)
(700.0, 373.6)
(700.0, 374.4)
(700.0, 375.19999999999993)
(700.0, 376.0)
(700.0, 376.8)
(700.0, 377.59999999999997)
(700.0, 378.4)
(700.0, 379.20000000000005)
(700.0, 380.0)
(700.0, 380.0)
(700.0, 380.79999999999995)
(700.0, 381.6)
(700.0, 382.4)
(700.0, 383.2)
(700.0, 384.00000000000006)
(700.0, 384.79999999999995)
(700.0, 385.6)
(700.0, 386.4)
(700.0, 387.2)
(700.0, 388.0)
(700.0, 388.8)
(700.0, 389.6)
(700.0, 390.4)
(700.0, 391.20000000000005)
(700.0, 392.0)
(700.0, 392.8)
(700.0, 393.6)
(700.0, 394.4)
(700.0, 395.19999999999993)
(700.0, 395.99999999999994)
(700.0, 396.8)
(700.0, 397.6)
(700.0, 398.40000000000003)
(700.0, 399.20000000000005)
(700.0, 400.0)
(700.0, 400.0)
(700.0, 400.79999999999995)
(700.0, 401.6)
(700.0, 402.40000000000003)
(700.0, 403.2)
(700.0, 404.0)
(700.0, 404.79999999999995)
(700.0, 405.6)
(700.0, 406.3999999999999)
(700.0, 407.2)
(700.0, 408.0)
(700.0, 408.8)
(700.0, 409.6)
(700.0, 410.4)
(700.0, 411.20000000000005)
(700.0, 412.0)
(700.0, 412.8)
(700.0, 413.6)
(700.0, 414.4)
(700.0, 415.20000000000005)
(700.0, 416.0)
(700.0, 416.8)
(700.0, 417.59999999999997)
(700.0, 418.4)
(700.0, 419.20000000000005)
(700.0, 420.0)
(700.0, 420.0)
(700.0, 420.79999999999995)
(700.0, 421.6)
(700.0, 422.40000000000003)
(700.0, 423.2)
(700.0, 424.00000000000006)
(700.0, 424.80000000000007)
(700.0, 425.6)
(700.0, 426.4)
(700.0, 427.2)
(700.0, 428.0)
(700.0, 428.8)
(700.0, 429.5999999999999)
(700.0, 430.4000000000001)
(700.0, 431.2)
(700.0, 432.0)
(700.0, 432.8)
(700.0, 433.6)
(700.0, 434.4)
(700.0, 435.19999999999993)
(700.0, 436.0)
(700.0, 436.8)
(700.0, 437.59999999999997)
(700.0, 438.40000000000003)
(700.0, 439.19999999999993)
(700.0, 440.0)
(700.0, 440.0)
(700.0, 440.79999999999995)
(700.0, 441.6)
(700.0, 442.4)
(700.0, 443.2)
(700.0, 444.00000000000006)
(700.0, 444.79999999999995)
(700.0, 445.6)
(700.0, 446.4)
(700.0, 447.2)
(700.0, 448.0)
(700.0, 448.79999999999995)
(700.0, 449.6)
(700.0, 450.4)
(700.0, 451.20000000000005)
(700.0, 452.0)
(700.0, 452.8)
(700.0, 453.6)
(700.0, 454.4)
(700.0, 455.19999999999993)
(700.0, 456.0)
(700.0, 456.8)
(700.0, 457.59999999999997)
(700.0, 458.4)
(700.0, 459.20000000000005)
(700.0, 460.0)
(700.0, 460.0)
(700.0, 460.79999999999995)
(700.0, 461.59999999999997)
(700.0, 462.4)
(700.0, 463.2)
(700.0, 464.00000000000006)
(700.0, 464.80000000000007)
(700.0, 465.6)
(700.0, 466.4)
(700.0, 467.2)
(700.0, 468.0)
(700.0, 468.8)
(700.0, 469.6)
(700.0, 470.4)
(700.0, 471.20000000000005)
(700.0, 472.0)
(700.0, 472.8)
(700.0, 473.6)
(700.0, 474.40000000000003)
(700.0, 475.20000000000005)
(700.0, 476.0)
(700.0, 476.8)
(700.0, 477.6)
(700.0, 478.40000000000003)
(700.0, 479.20000000000005)
(700.0, 480.0)
(700.0, 480.0)
(700.0, 480.79999999999995)
(700.0, 481.6)
(700.0, 482.40000000000003)
(700.0, 483.2)
(700.0, 484.00000000000006)
(700.0, 484.80000000000007)
(700.0, 485.6)
(700.0, 486.4)
(700.0, 487.2)
(700.0, 488.0)
(700.0, 488.8)
(700.0, 489.6)
(700.0, 490.4)
(700.0, 491.20000000000005)
(700.0, 492.0)
(700.0, 492.8)
(700.0, 493.6)
(700.0, 494.4)
(700.0, 495.19999999999993)
(700.0, 495.99999999999994)
(700.0, 496.8)
(700.0, 497.59999999999997)
(700.0, 498.4)
(700.0, 499.20000000000005)
(700.0, 500.0)
(700.0, 500.0)
(700.8, 500.79999999999995)
(701.6000000000001, 501.59999999999997)
(702.4000000000001, 502.40000000000003)
(703.1999999999999, 503.2)
(704.0, 504.0)
(704.8000000000001, 504.80000000000007)
(705.6, 505.6)
(706.3999999999999, 506.4)
(707.2, 507.2)
(708.0, 508.0)
(708.8, 508.8)
(709.6000000000001, 509.6)
(710.3999999999999, 510.4)
(711.2, 511.20000000000005)
(711.9999999999999, 512.0)
(712.8, 512.8)
(713.6, 513.6)
(714.4, 514.4)
(715.1999999999999, 515.2)
(716.0, 516.0)
(716.8000000000001, 516.8)
(717.6, 517.6)
(718.4000000000001, 518.4000000000001)
(719.2, 519.2)
(720.0, 520.0)
(720.0, 520.0)
(720.0, 520.8)
(720.0000000000001, 521.6)
(720.0, 522.4)
(720.0, 523.2)
(720.0, 524.0)
(720.0, 524.8000000000001)
(720.0, 525.6)
(720.0, 526.4)
(720.0, 527.2)
(720.0, 528.0)
(720.0, 528.8000000000001)
(720.0, 529.5999999999999)
(720.0, 530.4000000000001)
(720.0, 531.1999999999999)
(720.0, 532.0)
(720.0, 532.8)
(720.0, 533.6)
(720.0, 534.4)
(720.0, 535.1999999999999)
(720.0, 536.0)
(720.0, 536.8)
(720.0, 537.6)
(720.0, 538.4)
(720.0, 539.2)
(720.0, 540.0)
(720.0, 540.0)
(720.8, 540.8)
(721.6000000000001, 541.5999999999999)
(722.4, 542.4)
(723.1999999999999, 543.2)
(724.0, 544.0)
(724.8, 544.8)
(725.6, 545.5999999999999)
(726.3999999999999, 546.4)
(727.2, 547.2)
(728.0, 548.0)
(728.8000000000001, 548.8000000000001)
(729.5999999999999, 549.6)
(730.4000000000001, 550.4)
(731.2, 551.2)
(732.0, 552.0)
(732.8, 552.8)
(733.6, 553.6)
(734.4, 554.4)
(735.2, 555.2)
(736.0, 556.0)
(736.8000000000001, 556.8)
(737.6, 557.6)
(738.3999999999999, 558.4000000000001)
(739.1999999999998, 559.2)
(740.0, 560.0)
(740.0, 560.0)
(740.8, 560.8)
(741.5999999999999, 561.6)
(742.4000000000001, 562.4)
(743.1999999999999, 563.2)
(744.0, 564.0)
(744.8000000000001, 564.8000000000001)
(745.6, 565.6)
(746.3999999999999, 566.4)
(747.2, 567.2)
(748.0, 568.0)
(748.8, 568.8000000000001)
(749.6000000000001, 569.6)
(750.3999999999999, 570.4)
(751.2, 571.2)
(752.0, 572.0)
(752.8, 572.8)
(753.6, 573.6)
(754.4, 574.4)
(755.1999999999999, 575.1999999999999)
(756.0, 576.0)
(756.8, 576.8)
(757.5999999999999, 577.6)
(758.4000000000001, 578.4)
(759.2, 579.2)
(760.0, 580.0)
(760.0, 580.0)
(760.8, 580.0)
(761.5999999999999, 580.0)
(762.4, 580.0)
(763.1999999999999, 580.0)
(764.0, 580.0000000000001)
(764.8, 580.0)
(765.6, 580.0)
(766.3999999999999, 580.0)
(767.2, 580.0)
(768.0000000000001, 580.0)
(768.8, 580.0)
(769.6000000000001, 580.0)
(770.3999999999999, 580.0)
(771.2, 580.0)
(772.0, 580.0)
(772.8, 580.0)
(773.6, 580.0)
(774.4, 580.0)
(775.1999999999999, 580.0)
(776.0, 580.0)
(776.8, 580.0)
(777.6, 580.0)
(778.4000000000001, 580.0)
(779.2, 580.0)
(780.0, 580.0)
(780.0, 580.0)
(780.8, 580.0)
(781.6000000000001, 580.0)
(782.4, 580.0)
(783.1999999999999, 580.0)
(784.0, 580.0000000000001)
(784.8000000000001, 580.0)
(785.6, 580.0)
(786.3999999999999, 580.0)
(787.2, 580.0)
(788.0, 580.0)
(788.8000000000001, 580.0)
(789.6000000000001, 580.0)
(790.3999999999999, 580.0)
(791.2, 580.0)
(792.0, 580.0)
(792.8, 580.0)
(793.6, 580.0)
(794.4, 580.0)
(795.1999999999999, 580.0)
(796.0, 580.0)
(796.8000000000001, 580.0)
(797.6, 580.0)
(798.4000000000001, 580.0)
(799.2, 580.0)
(800.0, 580.0)
(800.0, 580.0)
(800.8, 579.2)
(801.6000000000001, 578.4000000000001)
(802.4000000000001, 577.6)
(803.2, 576.8)
(804.0, 576.0000000000001)
(804.8, 575.1999999999999)
(805.6, 574.4)
(806.3999999999999, 573.6)
(807.2, 572.8)
(808.0000000000001, 572.0)
(808.8, 571.2)
(809.6000000000001, 570.4)
(810.3999999999999, 569.6)
(811.2, 568.8)
(811.9999999999999, 568.0)
(812.8, 567.2)
(813.6, 566.4)
(814.4, 565.6)
(815.1999999999999, 564.8000000000001)
(816.0000000000001, 564.0)
(816.8, 563.2)
(817.5999999999999, 562.4)
(818.3999999999999, 561.6)
(819.2, 560.8)
(820.0, 560.0)
(820.0, 560.0)
(820.8, 559.2)
(821.5999999999999, 558.4000000000001)
(822.4, 557.6)
(823.1999999999999, 556.8)
(824.0, 556.0000000000001)
(824.8000000000001, 555.2)
(825.6, 554.4)
(826.4, 553.6)
(827.2, 552.8)
(828.0, 552.0)
(828.8, 551.2)
(829.6000000000001, 550.4)
(830.3999999999999, 549.6)
(831.2, 548.8)
(832.0, 548.0)
(832.8, 547.2)
(833.6, 546.4)
(834.4, 545.5999999999999)
(835.2, 544.8)
(836.0, 544.0)
(836.8000000000001, 543.2)
(837.6, 542.4)
(838.4000000000001, 541.5999999999999)
(839.2, 540.8)
(840.0, 540.0)
(840.0, 540.0)
(840.0, 539.1999999999999)
(840.0, 538.4000000000001)
(840.0, 537.6)
(840.0, 536.8)
(840.0, 536.0)
(840.0, 535.1999999999999)
(840.0, 534.4)
(840.0, 533.6)
(840.0, 532.8)
(840.0, 532.0)
(840.0, 531.2)
(840.0, 530.4000000000001)
(840.0, 529.5999999999999)
(840.0, 528.8000000000001)
(840.0, 528.0)
(840.0, 527.2)
(840.0, 526.4)
(840.0, 525.6)
(840.0, 524.8000000000001)
(840.0, 524.0)
(840.0, 523.2)
(840.0, 522.4)
(840.0, 521.6)
(840.0, 520.8000000000001)
(840.0, 520.0)
(840.0, 520.0)
(840.8, 519.2)
(841.5999999999999, 518.4000000000001)
(842.4000000000001, 517.6)
(843.2, 516.8)
(844.0, 516.0)
(844.8000000000001, 515.2)
(845.6, 514.4)
(846.4, 513.6)
(847.2, 512.8)
(848.0, 512.0)
(848.8000000000001, 511.20000000000005)
(849.6000000000001, 510.4)
(850.3999999999999, 509.6)
(851.2, 508.79999999999995)
(852.0, 508.0)
(852.8, 507.2)
(853.6, 506.4)
(854.4, 505.6)
(855.1999999999999, 504.80000000000007)
(856.0, 504.0)
(856.8, 503.2)
(857.6, 502.40000000000003)
(858.4000000000001, 501.59999999999997)
(859.2, 500.79999999999995)
(860.0, 500.0)
(860.0, 500.0)
(860.0, 499.20000000000005)
(860.0, 498.40000000000003)
(860.0, 497.59999999999997)
(860.0, 496.8)
(860.0, 496.0)
(860.0, 495.19999999999993)
(860.0, 494.4)
(860.0, 493.6)
(860.0, 492.8)
(860.0, 492.0)
(860.0, 491.20000000000005)
(860.0, 490.4)
(860.0, 489.6)
(860.0, 488.79999999999995)
(860.0, 488.0)
(860.0, 487.2)
(860.0, 486.4)
(860.0, 485.6)
(860.0, 484.80000000000007)
(860.0, 484.00000000000006)
(860.0, 483.2)
(860.0, 482.40000000000003)
(860.0, 481.6)
(860.0, 480.79999999999995)
(860.0, 480.0)
(860.0, 480.0)
(860.0, 479.20000000000005)
(860.0, 478.40000000000003)
(860.0, 477.6)
(860.0, 476.8)
(860.0, 476.0000000000001)
(860.0, 475.20000000000005)
(860.0, 474.40000000000003)
(860.0, 473.6)
(860.0, 472.8)
(860.0, 472.0)
(860.0, 471.20000000000005)
(860.0, 470.4)
(860.0, 469.6)
(860.0, 468.79999999999995)
(860.0, 468.0)
(860.0, 467.2)
(860.0, 466.4)
(860.0, 465.6)
(860.0, 464.80000000000007)
(860.0, 464.00000000000006)
(860.0, 463.2)
(860.0, 462.4)
(860.0, 461.59999999999997)
(860.0, 460.79999999999995)
(860.0, 460.0)
(860.0, 460.0)
(860.0, 459.19999999999993)
(860.0, 458.40000000000003)
(860.0, 457.59999999999997)
(860.0, 456.8)
(860.0, 456.0000000000001)
(860.0, 455.19999999999993)
(860.0, 454.4)
(860.0, 453.6)
(860.0, 452.8)
(860.0, 452.0)
(860.0, 451.20000000000005)
(860.0, 450.4)
(860.0, 449.6)
(860.0, 448.79999999999995)
(860.0, 448.0)
(860.0, 447.2)
(860.0, 446.4)
(860.0, 445.6)
(860.0, 444.79999999999995)
(860.0, 444.0)
(860.0, 443.2)
(860.0, 442.4)
(860.0, 441.6)
(860.0, 440.79999999999995)
(860.0, 440.0)
(860.0, 440.0)
(860.0, 439.19999999999993)
(860.0, 438.40000000000003)
(860.0, 437.59999999999997)
(860.0, 436.8)
(860.0, 436.0)
(860.0, 435.19999999999993)
(860.0, 434.4)
(860.0, 433.6)
(860.0, 432.8)
(860.0, 432.0)
(860.0, 431.20000000000005)
(860.0, 430.4000000000001)
(860.0, 429.5999999999999)
(860.0, 428.8)
(860.0, 428.0)
(860.0, 427.2)
(860.0, 426.4)
(860.0, 425.6)
(860.0, 424.80000000000007)
(860.0, 424.0)
(860.0, 423.2)
(860.0, 422.40000000000003)
(860.0, 421.59999999999997)
(860.0, 420.79999999999995)
(860.0, 420.0)
(860.0, 420.0)
(860.0, 419.20000000000005)
(860.0, 418.40000000000003)
(860.0, 417.59999999999997)
(860.0, 416.8)
(860.0, 416.0)
(860.0, 415.20000000000005)
(860.0, 414.4)
(860.0, 413.6)
(860.0, 412.8)
(860.0, 412.0)
(860.0, 411.20000000000005)
(860.0, 410.4)
(860.0, 409.6)
(860.0, 408.79999999999995)
(860.0, 408.0)
(860.0, 407.2)
(860.0, 406.4)
(860.0, 405.6)
(860.0, 404.79999999999995)
(860.0, 404.0)
(860.0, 403.2)
(860.0, 402.40000000000003)
(860.0, 401.6)
(860.0, 400.79999999999995)
(860.0, 400.0)
(860.0, 400.0)
(860.0, 399.20000000000005)
(860.0, 398.40000000000003)
(860.0, 397.6)
(860.0, 396.8)
(860.0, 396.0)
(860.0, 395.19999999999993)
(860.0, 394.4)
(860.0, 393.6)
(860.0, 392.8)
(860.0, 392.0)
(860.0, 391.20000000000005)
(860.0, 390.4)
(860.0, 389.6)
(860.0, 388.79999999999995)
(860.0, 388.0)
(860.0, 387.2)
(860.0, 386.4)
(860.0, 385.6)
(860.0, 384.79999999999995)
(860.0, 384.0)
(860.0, 383.2)
(860.0, 382.4)
(860.0, 381.59999999999997)
(860.0, 380.79999999999995)
(860.0, 380.0)
(860.0, 380.0)
(860.8, 379.19999999999993)
(861.6000000000001, 378.40000000000003)
(862.4000000000001, 377.59999999999997)
(863.1999999999999, 376.8)
(864.0, 376.0)
(864.8, 375.19999999999993)
(865.6, 374.4)
(866.4, 373.6)
(867.2, 372.8)
(868.0000000000001, 372.0)
(868.8, 371.20000000000005)
(869.5999999999999, 370.4000000000001)
(870.4000000000001, 369.5999999999999)
(871.2, 368.8)
(871.9999999999999, 368.0)
(872.8, 367.2)
(873.6, 366.4)
(874.4, 365.6)
(875.1999999999999, 364.79999999999995)
(876.0, 364.0)
(876.8000000000001, 363.2)
(877.5999999999999, 362.40000000000003)
(878.4000000000001, 361.6)
(879.1999999999998, 360.80000000000007)
(880.0, 360.0)
(880.0, 360.0)
(880.7999999999998, 359.20000000000005)
(881.6000000000001, 358.40000000000003)
(882.4, 357.59999999999997)
(883.2, 356.8)
(884.0, 356.0)
(884.8, 355.19999999999993)
(885.6, 354.4)
(886.4, 353.6)
(887.2, 352.8)
(888.0, 352.0)
(888.8, 351.20000000000005)
(889.6000000000001, 350.4)
(890.3999999999999, 349.6)
(891.2, 348.8)
(892.0, 348.0)
(892.8, 347.2)
(893.6, 346.4)
(894.4, 345.6)
(895.2, 344.80000000000007)
(896.0, 344.0)
(896.8, 343.2)
(897.6, 342.40000000000003)
(898.3999999999999, 341.59999999999997)
(899.1999999999998, 340.79999999999995)
(900.0, 340.0)
(900.0, 340.0)
(900.8, 339.20000000000005)
(901.5999999999999, 338.40000000000003)
(902.4000000000001, 337.6)
(903.1999999999999, 336.8)
(904.0, 336.0)
(904.8000000000001, 335.19999999999993)
(905.6, 334.4)
(906.4, 333.6)
(907.2, 332.8)
(908.0000000000001, 332.0)
(908.8, 331.20000000000005)
(909.6000000000001, 330.4)
(910.3999999999999, 329.6)
(911.2, 328.79999999999995)
(911.9999999999999, 328.0)
(912.8, 327.2)
(913.6, 326.4)
(914.4, 325.6)
(915.1999999999999, 324.80000000000007)
(916.0000000000001, 324.0)
(916.8000000000001, 323.2)
(917.5999999999999, 322.40000000000003)
(918.4000000000001, 321.59999999999997)
(919.2, 320.79999999999995)
(920.0, 320.0)
(920.0, 320.0)
(920.8, 320.0)
(921.5999999999999, 320.0)
(922.4, 320.0)
(923.2, 320.0)
(924.0, 320.0)
(924.8000000000001, 320.0)
(925.6, 320.0)
(926.4, 320.0)
(927.2, 320.0)
(928.0, 320.0)
(928.8, 320.0)
(929.6000000000001, 320.0)
(930.3999999999999, 320.0)
(931.2, 320.0)
(932.0, 320.0)
(932.8, 320.0)
(933.6, 320.0)
(934.4, 320.0)
(935.1999999999999, 320.0)
(936.0, 320.0)
(936.8, 320.0)
(937.5999999999999, 320.0)
(938.4000000000001, 320.0)
(939.2, 320.0)
(940.0, 320.0)
(940.0, 320.0)
(940.8, 320.0)
(941.5999999999999, 320.0)
(942.4, 320.0)
(943.1999999999999, 320.0)
(944.0, 320.0)
(944.8, 320.0)
(945.6, 320.0)
(946.3999999999999, 320.0)
(947.2, 320.0)
(948.0000000000001, 320.0)
(948.8000000000001, 320.0)
(949.6000000000001, 320.0)
(950.3999999999999, 320.0)
(951.2, 320.0)
(951.9999999999999, 320.0)
(952.8, 320.0)
(953.6, 320.0)
(954.4000000000001, 320.0)
(955.2, 320.0)
(956.0000000000001, 320.0)
(956.8000000000001, 320.0)
(957.6, 320.0)
(958.4000000000001, 320.0)
(959.2, 320.0)
(960.0, 320.0)
(960.0, 320.0)
(960.8, 320.0)
(961.6000000000001, 320.0)
(962.4000000000001, 320.0)
(963.1999999999999, 320.0)
(964.0, 320.0)
(964.8000000000001, 320.0)
(965.6, 320.0)
(966.4, 320.0)
(967.2, 320.0)
(968.0, 320.0)
(968.8, 320.0)
(969.6000000000001, 320.0)
(970.3999999999999, 320.0)
(971.2, 320.0)
(972.0, 320.0)
(972.8, 320.0)
(973.6, 320.0)
(974.4, 320.0)
(975.2, 320.0)
(976.0, 320.0)
(976.8, 320.0)
(977.5999999999999, 320.0)
(978.4000000000001, 320.0)
(979.2, 320.0)
(980.0, 320.0)
(980.0, 320.0)
(980.8, 320.0)
(981.6000000000001, 320.0)
(982.4, 320.0)
(983.1999999999999, 320.0)
(984.0, 320.0)
(984.8000000000001, 320.0)
(985.6, 320.0)
(986.4, 320.0)
(987.2, 320.0)
(988.0, 320.0)
(988.8, 320.0)
(989.6000000000001, 320.0)
(990.3999999999999, 320.0)
(991.2, 320.0)
(992.0, 320.0)
(992.8, 320.0)
(993.6, 320.0)
(994.4, 320.0)
(995.1999999999999, 320.0)
(996.0, 320.0)
(996.8000000000001, 320.0)
(997.6, 320.0)
(998.4000000000001, 320.0)
(999.2, 320.0)
(1000.0, 320.0)
(1000.0, 320.0)
(1000.8, 320.0)
(1001.5999999999999, 320.0)
(1002.4, 320.0)
(1003.1999999999999, 320.0)
(1004.0, 320.0)
(1004.8000000000001, 320.0)
(1005.6, 320.0)
(1006.4, 320.0)
(1007.2, 320.0)
(1008.0000000000001, 320.0)
(1008.8000000000001, 320.0)
(1009.6000000000001, 320.0)
(1010.3999999999999, 320.0)
(1011.2, 320.0)
(1011.9999999999999, 320.0)
(1012.8, 320.0)
(1013.6, 320.0)
(1014.4, 320.0)
(1015.1999999999999, 320.0)
(1016.0000000000001, 320.0)
(1016.8, 320.0)
(1017.6, 320.0)
(1018.4000000000001, 320.0)
(1019.2, 320.0)
(1020.0, 320.0)
